16154602 16414162
16480268 16042738
16145292 16313117
16694047 15972780
16264454 16408546
16534895 16698678
15974128 16627424
16394700 16128097
16694311 16134888
16329371 16354774
16166742 16774804
16780012 16711811
16712548 16909518
16147806 16163549
15860509 16629797
16331978 15828978
16406780 16182163
16470982 16360028
16289757 16689580
16153937 16008396
16323208 16809278
16501754 16556588
16165846 16664853
16824948 16010522
16451159 16306126
15999903 16463980
16264423 16561232
16269904 16398040
16517690 16415055
16265485 16251670
16967969 16286064
16149211 16324592
16020555 16486312
16566817 16678970
16823957 16565913
16550359 16352880
16423561 16394508
16303313 16342415
16804627 16816532
16381351 16521319
16732916 16505639
16316202 16198006
16506045 16289897
16286727 16114592
16642912 16235581
16496416 16480676
16703892 16924985
16419617 16481864
16503324 16802351
16669392 16376898
16174989 15843817
16539870 16711254
16205029 16802560
16234509 16875346
16219323 16164984
16341821 16284129
16818630 16405713
16164101 16539826
16301811 16124639
16830527 16516800
16563950 16141709
16578440 16588439
16313448 16547656
16127443 16169732
16642617 16376605
16516548 16338632
16603913 16325554
16286248 16297140
16585111 16558984
15934908 16648064
16703679 16086453
16345890 16249295
15725341 16006405
16690493 16637561
16733094 16131023
16230070 16556083
16739543 17181999
16020076 16280021
16288168 16399297
16517872 16469547
15881386 16159319
16468791 16498625
16537808 16405395
16575967 16224616
16515253 16122471
16223647 16283113
16750370 16384368
16622942 16515097
16664288 16651094
16388031 16261780
16390804 16079610
16353172 16855075
16284965 16276285
16131981 16636817
16496951 16250517
17001067 16627613
16742788 16773128
15772414 16987903
15845615 15690257
16131078 15969418
16585261 16639894
16347145 15878870
16261111 16501612
16615946 16491719
16096491 16373803
15846612 16133403
16094199 16199859
16085730 16627305
16445373 16766879
16357145 16577445
16874285 16658383
15807559 16938874
16310479 16612353
16360728 16397495
16231294 16211692
16426074 16612841
16270853 16210755
16141504 15894042
16251638 16208846
16685338 16375765
16512342 16321389
16344090 16154069
16891816 16327852
16083055 16134916
16270531 15934079
16400642 16462364
16666502 16312160
16214142 16518583
16255597 16299611
16759198 16857275
16384119 16134663
16510760 16025039
15834198 15916345
16950246 16132017
16558212 16489131
16405137 16625984
15912988 15969535
16176588 16389399
16358886 16791319
16443510 15902241
16743484 16333724
15934788 16357098
16397869 16555375
16320271 16382549
16021105 15900449
16607374 15680280
16107450 15983525
16122979 16925700
15832253 16674204
16708958 16691136
16197737 16687025
16070216 16816394
16788833 15973603
16163299 15790783
16199229 16312254
16151266 16519036
16422377 16229152
16303105 16654880
17051465 16372154
16060433 16072017
16426184 16528965
16626124 16405467
16187762 15954835
16245744 16300168
16297925 16977003
16105803 16129558
16251564 16442184
16303225 16226122
16190692 16595768
16173145 16455350
16773403 16004860
15992748 16346948
16224821 15685910
16522509 17191850
16104104 16057455
16286573 16373435
16520582 16677835
16618862 16313100
16395643 16146900
16387566 16376709
16215340 16333153
16451447 16511707
16752464 16311605
16776448 16591800
15724239 16197620
16238890 15958279
15853165 16655469
17147569 16500062
16904367 16145749
16461931 16722836
16373912 16463230
16900397 15550069
16009382 16609197
16388980 16943255
16894935 16526984
16548410 16434405
16633040 16217309
15812642 16297493
16750173 16557428
16179177 16406185
16896820 16384780
17015912 15937976
16354817 16429127
16273467 16355848
16822689 16232452
16219734 16296435
16320709 16508137
16623939 15961225
16105017 16617953
16034787 16723070
16571563 16865694
16269541 16276622
16076531 16760516
16778010 16306031
16211903 16917534
16051515 16324600
16431559 16469102
16538104 16230625
16476146 16046729
16712749 16209100
16110800 16535826
16451197 16600715
16698189 16257739
16636868 15870227
16217607 16900753
16244392 16635584
16474068 16179975
16009705 16558769
16053102 16094964
17053816 16209744
15760283 16703798
16196825 16478117
16589540 16385097
16738814 16803414
16348241 16196387
16335468 15830547
16079508 16531593
16140560 16226740
16687189 16858885
16644246 16260046
16347221 16376209
16329692 16254818
16766307 16665300
16489832 16297760
16103990 16907678
16312371 16205226
16345504 15457406
16254700 16571827
16420442 16591483
16176185 16247328
16364309 16747038
16583436 16530886
16401046 16350769
16500211 16190240
16451481 16574859
15957964 16737579
16100579 16584444
16126815 16432749
16235859 16158971
16235323 16771564
16196464 16773783
16061015 16226870
16460321 16881240
16388971 16146988
16284706 16367369
16357617 16594036
16032822 16256905
16309762 15950789
16616697 16648806
16153954 16655105
16056649 16224925
16150898 16450755
16559071 16181945
16717115 16382945
16390035 16233879
16393067 16767783
15937294 16414186
15840972 16799040
16006421 16289403
16271886 16219379
17001555 16728584
16332808 16172280
16172950 16528195
16202608 16318502
16660930 15787264
16609012 16670995
16125282 17152497
16731476 16317104
16608584 15922404
16003463 16695206
16180292 16103557
16176634 16876215
16506116 16680854
16504244 16348838
16327246 16205055
16657210 16592437
16441078 16102224
16331139 16489459
16424321 16840045
16425780 16782056
16697574 16322026
16227072 16172480
16428006 16572335
15963072 16172839
16478472 16199008
16640012 16714198
16687954 16587237
15946465 16277684
16395610 16918461
16477933 16252503
16505339 16234982
16529118 16577954
16536518 16552715
16450906 15939922
16098753 16635345
16454981 16522262
16464492 16188723
16449905 16142516
16145562 16614325
16532596 16017875
15480605 16585790
16234803 16276050
16307396 16669064
15899197 16348420
16326667 16340538
16843397 16444534
16016388 16182575
15887538 17060755
16337700 16703793
15971229 16489735
16670800 16438460
16519642 16522146
16682586 16632533
16327238 16122357
16621525 16590416
16441247 16540400
15974325 16787855
16295056 16855350
16611463 16480150
16034801 16531380
16561458 16159499
16453774 16433406
16891998 16080591
16698628 16435179
15746265 16227713
16464933 16336674
16436571 16118260
16423092 16814432
16073892 15949546
16514409 16472491
16905594 16860940
16147704 16757355
17140376 16674070
16230986 15994503
16780992 16446469
16353282 16040142
15985828 16145999
16783581 16317406
17035025 16420577
16865202 16667281
15745251 16304211
16686896 16594859
16575664 16067996
16329203 17104315
16211283 16695640
16716536 16570295
15818090 16049731
16340205 15947867
15964122 16572202
16960139 16577075
15767365 16600756
16264829 16414784
16238218 16234458
16358315 16522529
16117822 16973123
16288947 16741278
16727888 16343456
16211055 16379489
16367224 16844694
16631196 15982690
16341056 16282131
16278251 17267754
16439224 16778204
16297775 16012410
16607079 16252812
15533310 16505905
15962663 16353286
16162627 16377367
16401085 16850908
16488646 16262327
16368584 16361989
16346127 16591644
16302117 16673050
16282663 16706474
16564896 16547845
16378779 16529753
15971767 16019790
16477505 16238334
16147561 16654292
16380856 16033569
16447880 16174686
16177640 16469169
16449413 16097160
16800371 16419396
16638291 16389691
15962174 16159430
16869789 16487733
16938474 16349401
16696142 16604954
16279105 16035661
16382201 16389811
16784382 16648403
16348531 16367314
16298448 16103464
16876423 15776297
16065200 16601137
16338385 16075616
16009514 16466809
16178968 16029038
16572419 15918311
16392780 16653045
16679457 15984417
16540145 15941295
15936012 16145656
16337127 16532331
16396986 16431418
16802263 16337891
16438996 16600718
16324513 15948481
16691438 16666566
16299264 16241374
16464901 16699270
16278675 16381688
16405224 16367783
16167214 15985112
17051649 16283091
16582024 16100887
15560280 16359926
16329856 16656038
16189592 16406411
16273627 16422421
16505221 16288152
16678182 16916313
16128974 16353976
16489518 16794890
16771675 16387488
16644289 16017912
16400329 16262458
16432565 16208099
16905935 16532510
16643484 16292980
16009793 16366889
16583508 16371598
15914232 16565005
16599437 16239845
16355709 16705668
16767769 16275231
16800466 16556114
16337583 15733041
16411486 16235857
16319266 15990194
16178721 16413183
16469758 16056188
15904230 16240981
16800048 16341277
16463164 17255976
16133237 16559499
16396038 15973102
16266083 16121700
16365040 16206476
17119475 15905165
16270545 16814018
16181201 16582307
16561751 16416099
16239293 16064882
16303435 16246292
16370772 16221378
16288867 16383138
16168851 15700784
16451160 16339924
16398099 16093120
15928849 16506459
16143747 16162033
16309790 15789799
15531479 16760213
16322911 16660586
15628989 16307352
16097908 16600440
16611039 16589932
16116801 16457950
17005847 16306199
16099713 16221529
16021514 16439876
16282858 16821690
16724615 15869300
16468289 16297148
16275284 16413879
16515378 16971015
16183575 16181986
15914896 16243050
17001158 16812609
16246547 16452761
16387808 16168440
16394898 16097649
16091225 15708321
16186523 16452289
16114119 16325904
16029736 16784143
15894031 16481762
16259035 16516397
16859100 16102926
16938595 16112616
15841772 16418863
15961771 16192012
16285465 16946922
16096082 16677436
16611825 16278827
15775532 16598856
16708969 16700863
16112879 15928299
16391205 16165681
16508757 16399086
16349398 16418944
16257327 16131844
16545388 16117789
16119103 16515849
16080783 16139515
16354824 16966030
15982337 16206311
16496277 16037235
16318299 15835518
16722340 16503172
16329613 16305823
16023992 16672836
16100930 16659422
16431543 16157882
16396885 16225323
16231527 16429449
16335456 16519728
16618630 16132477
15780150 16691380
16452812 16295719
16486821 16208484
16093173 16268688
16631356 16562695
16447708 16408380
16773638 15534715
16351780 16408315
16154491 16926294
15779454 16150430
16562560 16404601
16105697 16458729
16567022 16771956
16796641 15986303
16727608 16398917
16687689 16425534
16645738 16826251
16670423 15823302
16668210 15982101
16153690 16248804
16281608 16242846
17028494 16453478
16078598 16011721
16164118 16163570
16414199 16174200
16909769 16473463
16422707 16886611
16511581 16339316
16016851 16429373
16434602 16380382
16673912 16089287
16300660 16290132
15898090 16620773
16411475 16310964
16362711 16115762
16667410 16316582
16276525 16360801
16338049 16565741
16494216 16021352
16323172 16686429
16289419 16802011
16433003 15937932
16369442 16106646
16076366 16651628
16417573 16246087
16194024 16366485
15912205 16672167
16833773 16447186
16748512 16500878
16331289 16284152
15603225 16806078
16749625 16373697
16190114 16392372
15752690 16843494
16480327 15956858
16271897 16502286
15944099 16286678
16282484 16018449
16861604 15998026
16503962 16314283
16491206 16746423
16042114 16370612
17031178 16935144
16583119 16011967
16411681 16499343
16659281 16070575
16486844 16381810
16531360 16584001
15989641 15780439
16222647 16434704
16462958 15752686
16043050 17085723
16688945 16758017
16261553 17075435
16555615 16101948
16680248 16441427
16663794 16455811
16470399 16130601
15902052 16157319
16171280 15967493
16689852 16059130
16346844 16128973
16457625 16645289
16340361 16161077
17182415 16491095
16535512 16977858
16442125 16096969
16783517 16568964
16852742 16217242
16304760 16618573
16369035 16418477
16408667 16213872
16542036 16127916
16856270 16301823
16358708 16370297
16679606 16575916
16206793 16359885
17097921 16754226
16105468 15990860
16897470 16317254
16688241 16591036
16527462 16310221
16253916 16563685
16625514 16557677
16042287 16302742
16084391 16417229
16563957 17176954
15984062 16549057
16453658 16811339
16151181 16228927
16041793 16427237
16207541 15871144
16305968 16418551
16651522 16668432
16151217 16450104
16400467 16036843
16374918 16014735
16165698 16594481
16684857 16464764
16027820 16265371
16846282 16129772
16026404 16078285
16124667 16050859
16422280 16365742
16595291 16310591
16419481 16403391
16950211 16131489
16131368 16671238
16430333 16300668
16416699 16592446
16529333 15860380
16323918 16499453
16242374 16728215
16171149 16290558
16555241 16586601
16366626 16576805
16741579 15829413
15966971 16879681
16689460 16546318
16347051 16515793
16508128 16558975
16121099 16006102
16134803 16662726
15861220 16059855
16579878 16202851
16753867 16329664
16224047 16351568
16700592 16361541
16782214 15749673
15921228 16381486
16028911 16110002
16527896 16377907
16875048 15893193
16725298 16396540
16357841 16304125
16610395 16376683
16552652 16409678
16697837 16544297
16708551 16185923
16576762 15970308
16263075 16911542
16548919 16699319
16644363 16612959
16318047 16442383
16781999 16355849
16267820 16965555
15957851 16345711
16347754 16160112
17115591 16353858
16466394 16201749
16014552 16241750
17015589 16374333
16302879 16288605
16445708 16314065
16279404 16503338
16803464 16009340
16856208 16427876
16981504 16980488
16446777 16087494
16323204 15955502
16241703 15925323
16227986 16306101
16243768 16736627
15891741 16644393
17102830 15835176
16402651 16524692
15954488 15998716
16317548 16312228
16807393 16228566
16315064 16134658
15961449 16664672
16246344 16439149
15868890 16521340
15626787 16550591
16778186 16053164
16290042 16670362
16209940 17374442
15998321 16401886
16067396 16365288
16405046 16388932
15788133 16303177
16763431 16087423
16013815 16721924
16187423 16386895
15968975 16557209
17026729 16169836
16442807 16375034
15593641 16538790
16020870 16634848
16416953 16327116
16000183 16640996
16939471 16555383
16588371 16214004
16103040 16990859
16182496 16870091
16183729 16212914
16350009 16250599
16696830 16331717
16651303 16772959
16657961 15746384
16278087 16717552
16123149 15928130
16052365 15896584
16287050 16701503
16099721 16407972
16370094 16277303
16472086 15819381
16076048 16069308
16295660 16179536
16181771 16369058
15933645 16186581
16440185 16968331
16265340 16070624
16006157 16503876
16457899 16250159
16352907 16487877
16227365 15988585
16225700 16556410
16887211 16638284
16327737 15977041
15941627 16496083
16764151 16368396
16555465 16308081
16485023 16621142
16740827 17107228
16562169 16436990
15779608 16215396
16093118 16033747
16746505 16648005
16297096 16702297
17104789 16693595
15960403 16317583
16210001 16795226
16580820 16809513
15572264 16601373
16338357 16102073
16070845 16309308
16353966 16403772
16643567 15714999
16659109 16310357
16252743 16473912
16162867 16309965
16539584 16628846
16092725 16390982
16744972 16508156
16095086 16533693
16396478 16530384
16692871 16611769
17012445 16319410
16008784 15966465
16563953 16604987
16482663 15995248
15897566 16568647
16450227 16088527
16343129 16333946
16303353 16578729
16469769 16442295
16917202 16381183
16083664 16476581
16242475 17024329
16883317 16830757
16153769 16456816
16364655 16547017
16354839 15764810
16439241 16920423
15984150 16353893
16257875 16452549
16236426 16279213
16241012 16356492
16233752 16340157
16604457 16788626
16040369 16312180
16408859 16258725
16105443 16388477
16410677 16282975
16181892 16000422
16506120 16534418
16178248 15849123
16386666 16677897
16748510 15710005
16620323 15812982
16146504 16431666
16488916 16275075
16287753 16429621
16609603 16393771
16327146 16142871
16706658 16128775
16099534 16362634
15676843 16414682
16447299 16495703
16341000 16342898
16664627 16530514
16465440 15717504
17249881 16938780
16462549 16595375
15809595 16775051
16638169 15978982
15807708 15937604
16437968 16728029
16898817 16020509
17101717 16451153
16632100 16872893
16649690 16713701
16448068 16795672
16436343 15730572
16206092 16571812
16923193 16394199
16511040 16353640
16662960 16804777
16616081 16383493
16297369 16561592
16093927 16404002
16820436 16402621
16606172 16051378
16563760 16598915
16168994 16460879
16570434 16659624
16427678 16203729
16237028 16085783
16594465 16202220
16524733 15943052
16069928 16715098
16387767 17092249
16048838 16616675
16017264 16585025
15620446 16247638
16415436 16281627
17109991 16759609
16479061 16363003
15985968 16576396
16702441 16084341
15671246 16079637
16785240 16200057
16828063 16429141
16025645 16440488
16538708 16220714
16400737 16626155
16661436 16302931
16471464 16503771
15671176 16729775
16658359 16434495
16458376 15908565
16325180 16115943
16400228 16596634
16203810 16548203
16634081 16955593
16821253 16495058
16224738 16351238
16238748 16252063
16063734 16140037
16113884 16139417
16575740 16228551
16326501 16665775
16571548 16449478
15601393 16824160
16328368 16496357
17373775 15763358
16541182 17103061
15961133 16588836
16258344 16603244
16715603 15909742
16322308 16468075
16068223 16815244
16059964 16161643
16110707 16488008
16133541 16254023
16567300 16493312
16213998 16192936
17077709 16652282
16564858 16235178
16054605 17070148
16178567 16721723
16210004 16393178
16619850 17027183
16356732 15963476
16844959 16408802
16315331 15869795
16719440 17326939
16356791 16356597
16788783 16466605
16219662 16545952
16148438 16468332
16256934 16469316
16474393 16622216
16321873 16379280
17140656 16373935
16751003 16323646
16824940 16602759
17119109 16047129
16195579 16017158
15976823 16564211
16338743 16200914
15733353 16095815
16857777 16337579
16168240 16098841
16528718 16487211
16692322 16416305
15921620 16341316
16380627 16686351
15991503 16435106
16397098 16539031
16276281 16214300
16193617 16382605
16731583 16296015
16327919 16256690
16223531 16470031
16202695 16389308
16559121 16386850
16621457 16607087
16129391 16016415
16380686 16138651
16200663 15844880
16529689 16760298
15999496 16251763
16176202 16504588
16415465 16035607
16549763 16705530
15773991 16673775
16905559 16591682
16062325 16030816
16720064 16038831
16310441 16354174
16444508 16421891
15998830 16180204
15932156 16289550
16336513 15970344
16437086 16246667
16722107 16341839
16092191 16300058
16152766 16396327
16921639 16481173
16042362 16275721
16452123 16223405
16551282 16179473
16691421 16655936
16750485 16626396
16886526 16474901
17013373 16030008
16702322 16268732
16427286 16334540
