10276 18469
24903 8989
3030 1327
1035 30318
846 24004
919 2347
3894 1269
26502 8724
665 19377
7902 3753
25928 2455
5522 29340
21885 2057
17227 11143
11455 9090
5991 7387
27653 5929
26178 30744
13086 9894
15285 21828
18256 6708
14045 12182
27968 16631
21278 6770
6673 28049
16999 17050
16336 8432
15543 4002
14608 22377
26848 31140
6097 11275
17035 26422
23463 17965
8572 10137
21272 17738
17943 23859
11333 7951
3875 27711
30925 9137
15567 16836
10478 7300
25842 1731
16877 14538
31895 5045
21432 15560
6841 14389
29131 10016
22603 11001
13136 16474
29052 13830
32394 18628
3128 29476
9075 14460
18418 11408
2468 17867
31393 13810
30070 9652
16136 20878
10343 15053
14395 30142
24767 9806
11871 1696
31859 28520
26801 22540
17225 13528
26826 3017
7229 7355
27425 8192
12835 30372
20689 16880
19343 17388
22172 14564
23026 6729
15664 32098
1029 5282
18090 20646
12139 17954
11609 26703
19858 25484
30660 599
28634 5838
19950 30024
26361 12504
13272 4269
29086 11694
19784 25031
15956 16060
3785 12418
17577 20331
32755 18599
14736 14321
29420 25427
8965 4717
21807 17576
20207 26163
32140 25026
12618 7524
7024 8941
28037 30915
11111 5653
3881 30147
5343 9598
13756 23269
9909 14309
24128 23512
21958 465
6753 31754
4271 13012
17750 5994
26389 15956
24070 26130
21046 5091
17348 32729
10527 4779
27683 2773
9502 19471
11019 13087
2683 22927
16652 20438
18787 18924
9203 22887
11045 27021
13723 5387
24481 27170
23814 6545
32508 11655
13740 4445
21401 14315
18707 23985
69 3377
1696 32555
22194 32150
28077 26511
29223 9621
7644 6343
27253 9480
16810 13608
13101 20879
1863 25847
31504 26677
7077 13612
8135 593
23502 21365
2517 20907
12412 19326
1225 26592
18403 10608
26552 3336
8658 9656
8682 27029
8698 15881
32724 1918
7309 24484
15430 28318
4364 1751
12774 24663
1882 30659
16605 30330
17172 29795
15568 10603
16677 5066
30482 384
13204 7852
14616 30635
28577 5408
17197 18777
529 16804
9062 17305
24006 30937
18817 22674
2482 30474
6605 27213
8927 15782
6090 25125
12334 22644
7027 1590
13596 31624
3289 20827
26600 20410
20168 17219
4433 25430
15527 30407
6561 4885
16288 29306
26346 32588
16129 26498
28816 24932
28642 21159
11271 21898
18441 13226
14046 27815
6154 20184
25085 6803
4274 11486
555 21638
14246 19679
10707 29647
3912 15556
12295 12488
30170 3028
10437 18953
32742 19332
12921 11228
20957 4752
15556 11249
15614 13898
11388 11603
9081 11826
244 16539
26581 21960
24189 5220
27535 158
8748 18942
24836 5297
25310 615
29840 7929
890 14198
4344 5695
14966 13658
17157 16431
12957 18499
114 27822
10511 29279
22025 31598
11401 15880
16648 24511
25062 60
14281 5800
29158 8013
9634 17206
1071 12761
24075 25876
27537 2557
19198 23900
26510 198
23204 13741
7962 5608
28717 23934
14495 14259
23551 20913
13124 18242
7956 25195
25967 11510
32157 2852
17544 4387
9452 4346
23041 26768
23371 2451
26629 23234
14978 3274
13576 17408
4401 18371
25673 15863
4961 23349
7479 30118
4134 6062
29873 22721
31094 13855
21370 12883
7738 31131
8423 31400
19110 7772
1499 24170
17094 14855
23541 16650
19290 28976
7432 15969
13540 9761
26316 28568
7423 1239
26323 30533
4174 17086
6358 17541
5375 20656
24371 21524
9382 13315
5791 16609
32584 12858
7647 8366
3445 21559
21151 12684
20427 10159
7441 18158
26555 13530
24279 3329
7568 31855
18723 5696
1964 4559
24093 26435
14101 9600
8581 29911
3377 5086
15513 18516
7886 19469
6457 15915
18533 9010
14409 4799
22432 26595
18263 12662
28185 18908
14717 31247
357 27123
26505 28726
7249 31580
2389 17771
30419 10896
3246 11973
28128 1118
14759 4853
12604 22206
10340 25440
32590 28367
6299 11193
5261 14458
8868 20164
1336 338
32464 96
24391 25279
22268 8388
10401 5980
22118 23817
3471 16285
27583 14569
21361 22965
29057 26054
25520 28855
12418 2797
755 18171
28874 25373
2198 32707
3233 21315
10840 3102
14829 24200
12371 24333
32187 7053
9522 11493
32284 3829
22174 14836
9778 3877
14841 31847
20618 5447
2383 5483
27564 8085
26003 19697
2260 17124
16506 31006
24738 937
19981 21477
21760 5307
23451 18229
3175 2751
13343 24633
25318 1757
5168 18689
31456 61
15211 4994
27650 1828
13067 13791
24184 17248
25275 7143
26209 12775
26536 29150
13184 26043
25049 3200
26932 20496
11203 4675
12970 21425
12312 18909
26449 10144
20961 12806
21390 19708
6860 18047
31154 7208
9159 5715
24361 11562
27597 3933
14835 8017
4352 8970
4697 1051
8185 10336
11480 29013
27996 7999
20578 32388
11695 14567
15558 12676
16236 18875
25964 7791
23380 2117
17477 16065
7943 15737
22786 17337
9682 19006
10372 26626
9160 9770
20628 1170
14100 15245
981 27859
25485 17586
502 22016
27787 3681
24620 19922
249 17320
13792 1117
28076 9948
421 27956
18931 23514
23148 31700
21104 10130
16635 32576
26150 18631
9627 24808
22994 19984
30225 19151
5503 3363
18384 30957
12373 8018
29293 14803
32434 1878
11859 25229
18044 25676
3000 14796
3509 22013
21968 7749
14159 30306
13888 27732
25154 3176
11477 26341
16093 23536
12150 10132
20057 14106
1623 23059
16564 13507
14448 18124
25789 12364
7214 28872
24171 30365
24680 19152
6002 17514
8596 18386
7704 31157
24379 19078
26181 9877
26026 14416
8410 21813
32747 13161
7492 13599
1523 16442
26961 3003
6941 23048
9026 3602
12503 15062
12833 2008
8603 23175
22613 29610
30754 26948
21619 26772
14036 18717
1111 214
13186 19187
15988 7656
23383 12949
21864 11707
29452 17961
31187 21826
10076 27854
28266 9265
440 8319
16967 13829
5435 14138
1411 25668
30688 18274
28166 23539
11107 4767
14516 24005
26772 23121
3600 22948
32097 3564
31605 24074
23209 17891
13920 3605
3173 15964
10800 2103
21899 4997
4906 9519
17202 6183
19136 9016
31478 31357
10515 4480
18590 11078
8118 4059
12028 15129
29109 14009
21 8697
11478 15190
16514 9513
18462 9264
23062 20289
2967 8638
25025 11906
9553 24415
29876 19815
4007 24721
28870 6524
11459 15971
3095 11379
15205 22829
4083 11125
2271 21118
15097 12470
1125 3708
29516 6019
25237 2857
8513 26607
4020 8426
8167 26241
30131 22027
9835 20352
31314 27036
26285 31
28036 29974
14415 17735
11553 20801
31245 1943
12507 16980
7500 30890
4723 12126
4085 9624
26157 26854
30851 30593
17102 30811
17603 15891
1406 26716
23251 7909
31294 17336
7726 19915
5858 13570
10982 25376
3245 31112
5604 31160
15984 3810
13357 26901
25074 24267
26468 28638
23856 5007
25228 19253
19591 8734
12903 13652
7266 13865
24753 2932
5700 30201
6341 19635
3530 13971
12288 142
20431 30973
27539 28833
5495 27557
14590 18295
17903 25745
13181 7023
9704 15935
4583 13586
21658 28823
11222 4004
6664 13854
23048 18425
27270 4460
13829 28043
17273 18144
32002 27081
17759 7826
6662 29105
12047 649
6987 13728
7745 19759
5863 17257
14672 23553
17067 20133
9791 14987
17228 21323
29435 31124
30400 18049
21215 1686
15851 18865
6001 2427
5086 31388
32351 11793
1337 18301
31275 17313
6383 16739
5147 10566
29009 28987
23883 14824
21782 30252
27134 15486
24967 27003
18022 897
31244 20613
5055 22349
350 4012
16179 24952
20557 8187
25185 22858
754 16584
25868 29788
20936 22625
25901 9587
5971 13709
7042 4902
11616 8755
25702 14902
10299 448
29860 7955
21027 11977
20617 14498
31483 23538
14653 30782
28738 31758
1107 4861
12613 30087
4510 28724
13203 9472
21318 24893
19378 29498
7196 1655
564 10283
1423 15420
13719 29950
4694 6736
13195 8403
2245 29055
1493 3251
24103 25232
10804 22302
32142 6311
6733 25075
5353 20290
5050 25655
28608 4634
26717 18706
27173 13386
10484 26
4071 17074
24045 8917
15368 30110
17019 4984
19569 26019
13801 30965
15845 1994
22319 15413
17460 13553
32451 27298
12977 16493
2737 8681
18661 25076
12526 26878
14213 30395
19433 6752
29090 24027
21860 17310
7712 29689
898 7706
15721 29222
15393 1293
22370 13316
21097 3275
17823 10538
17061 8009
28115 30154
24658 16860
138 1681
10870 26691
4122 7119
14900 30952
5078 4056
32668 26211
11142 23722
16584 576
9424 3876
27906 5768
17286 9997
18279 9782
10269 28062
2286 19254
161 8087
9237 30650
3486 15594
12746 2512
24826 29754
3308 13682
26175 3627
31522 2809
2164 30938
24424 10651
24796 2878
9879 9281
7826 28259
14481 2900
9371 29636
1594 7221
19106 9456
309 5902
20730 32383
15108 29030
6367 22346
32625 5874
12799 18396
28205 11438
24889 9763
22456 2605
1188 26987
24960 23853
30931 2702
13645 11119
25431 13412
16348 9926
1670 22657
17098 1901
635 31776
15797 24733
10078 20826
29341 9055
15590 28828
2448 17312
25371 18007
6022 13187
28769 2297
3210 10491
28850 19229
19738 24984
10795 32254
31441 22689
19146 30770
12355 9060
9078 21653
13353 26570
5183 15747
26558 8494
3560 30794
29800 10095
19618 17630
31899 11332
12315 26063
21498 8912
21687 25721
704 17783
21021 25979
6239 11759
17142 8554
4455 13210
31217 21958
21672 1043
2059 16940
2971 10759
30733 1486
23038 30278
25430 28961
14527 32537
17370 8149
30747 10711
10091 28426
11527 29363
10296 9153
3535 26328
20115 21904
509 1208
16375 29083
27004 30368
24393 27071
24317 23440
16990 25616
31130 4683
8382 32390
20921 15018
8103 31475
19764 24885
8021 26424
30391 2292
28033 5561
25705 1923
296 31246
29134 26469
9101 15868
20716 17562
10881 8867
13996 22388
10210 504
9860 8614
12898 1142
8531 29086
11145 24337
15244 12309
9982 11628
24215 11236
22274 15435
14708 22553
8765 22603
9378 12362
18109 29905
32063 14121
11836 16192
15216 17241
22433 29295
18435 3712
31178 32346
21843 15006
17289 22551
16797 23788
1548 14192
809 3522
15456 15930
25793 11610
7599 12864
14350 16270
29698 29886
23412 25344
30206 27153
18664 29860
27739 22880
1793 3199
19352 28546
12369 14254
5613 26908
1269 5033
6530 10250
14955 24286
14337 32164
21000 23458
1650 23386
6153 15735
20913 676
30040 24901
4950 5576
5618 19110
27108 32080
13320 12186
17832 29024
19456 27772
23780 11590
20925 29748
11053 339
19232 4271
18 14057
29646 1932
24830 31446
20020 30488
16992 16864
17865 32637
23560 23457
18067 3126
7380 10134
28141 20934
397 8306
14471 21418
21260 12728
20910 1676
4001 2952
26574 25273
949 26809
10805 31445
21933 31529
21529 27342
2322 29265
26845 13070
15599 20509
1424 21493
10619 32762
27575 15750
8440 25648
10572 26464
6107 19826
518 30765
4275 32219
2534 17457
12092 16580
29413 19527
17660 4032
1663 31760
12575 10011
723 11490
17904 26825
23328 17573
4845 25153
26433 15958
26503 2970
32669 1356
1994 23451
19580 31312
24348 22224
27289 14083
4389 148
17654 23343
23572 1443
24433 32011
22491 20092
12184 28347
13724 4362
30654 32023
4958 9604
22607 2989
14341 8850
2912 12809
19329 1201
15924 24389
25816 16121
23291 604
27584 1136
8566 9233
8815 6966
488 5298
6632 23290
18773 16002
24430 30653
2119 10804
27135 6490
24772 25864
30692 4804
28797 4664
7823 11080
11154 5251
17586 14800
13670 11777
19851 12427
27042 25411
26147 13037
7740 12666
22964 22236
27344 1501
1128 23651
20875 21243
25444 3498
28487 4176
26117 23334
30455 25705
2061 31814
5984 24370
31501 20859
1122 27782
1853 31904
20242 30298
16724 2019
16373 11761
13593 12604
14642 22687
3866 15696
19947 22995
3745 29078
25549 7765
21476 4838
19659 24188
15420 14263
24450 20504
25187 27531
2923 18291
5969 22279
6244 26499
17007 4865
3769 24308
16654 2966
24043 980
25421 6518
24752 22416
12348 17795
25146 1823
13633 27291
2236 15229
25787 10673
18731 20059
18406 25635
18498 14101
2047 12359
19656 17380
4776 31815
10005 29525
23949 21296
12755 505
3400 30789
20482 94
19609 3134
1343 6235
13021 15685
20472 780
25974 21428
28476 13771
29395 13585
16394 12528
21501 18446
22749 4437
20847 5644
13604 24066
10793 9695
13553 22794
12544 29649
17653 22448
21560 10985
17068 26062
17236 877
28885 14456
10029 27301
4133 13276
8258 22498
