11255 31727
10203 19023
17210 32466
17266 4104
6355 14591
22083 15561
26420 17199
32247 39
17903 9153
61 16034
9940 26449
20754 3799
11865 10123
20031 5880
27456 29761
21539 24186
12659 21180
4018 26637
7219 18256
12734 10193
31601 7475
26486 10695
12412 24720
15404 31878
15837 16086
18523 13359
3711 16726
20968 6562
14356 5645
16808 23026
15539 23230
4643 18967
4038 7749
7063 4835
25123 3111
24896 22840
31097 30317
17367 13943
5870 12723
15705 5435
12550 30588
2569 17992
1223 17096
25272 25022
16923 23273
11332 18579
22389 146
16479 23103
8375 28977
13201 12985
32084 13438
15488 1187
4529 26708
8304 25537
14290 32449
18694 5040
25394 8793
26449 11989
31730 13519
18443 14739
30006 7110
15643 30145
8909 20452
2651 4624
25128 13225
21367 27148
27518 25095
28283 5859
6801 9800
22158 17519
21473 23227
9548 27689
6165 30266
19390 31305
9362 31335
22409 20015
588 5942
6245 6658
30428 10156
14801 26007
3028 27622
9478 14484
8271 9308
16169 12245
14540 29287
22468 526
316 8705
23415 14258
13657 16588
7915 6676
25402 9815
22024 7629
15396 20892
2920 19549
26532 16333
11275 28949
3290 8272
31564 3380
1560 2568
787 22352
29356 5590
21581 18935
6905 607
11161 1431
23245 17680
20036 2459
1518 11360
13176 2263
31478 30549
19888 23846
22625 1610
2159 24145
2021 2287
20018 8243
5122 19857
10915 23579
31705 5532
23823 2418
31041 4958
28442 27038
27928 29965
9138 2853
26071 8460
21057 2070
29801 1898
551 933
17214 11436
23143 11029
9115 20940
14752 15835
1332 23937
2624 24832
3068 27329
9972 16839
14396 8324
25443 19344
21730 14028
3355 29948
8220 19682
30923 26706
25126 29922
28596 2849
26209 6265
4442 10535
2724 6894
32127 18034
22742 23647
23121 23749
24253 590
2787 2109
14353 10588
10714 26420
32469 25683
7273 12646
5607 11370
20863 19026
469 9925
318 21220
17394 25404
176 32336
27561 30813
32181 11841
21010 8372
14144 6707
13251 15690
1475 1565
7401 24939
18408 19540
23447 19372
1922 16044
27741 28717
27331 8928
5405 30748
17839 20020
8730 23162
24528 9304
31058 29218
16940 32144
30734 13575
8564 14354
20151 28861
14462 30895
20203 12347
9973 24246
11999 10320
12054 3240
31922 14080
15042 24998
14318 28654
1114 2816
32701 18980
26887 27206
1092 30410
20647 5618
22496 32085
10538 30528
26031 26619
12603 31296
12627 5226
22051 1065
31929 10475
9200 27265
3231 11969
12569 10563
22243 4254
19662 2188
16147 28197
31022 7883
27513 22477
15079 31687
4939 13378
30983 22825
32034 5385
3855 13371
16813 15971
17737 13551
9895 26229
9052 1571
9734 28581
20766 803
30070 8775
31145 24176
8709 10617
25777 9664
5152 22347
14869 18245
4030 29732
9139 31794
1243 7521
16769 15484
17448 30526
9178 8157
27649 13818
16405 20511
8607 16950
4956 28823
27279 31903
26555 7920
14946 25804
28536 28970
2215 10089
5345 790
22422 19181
29651 12302
22410 2494
413 5442
13436 9345
5829 13999
31171 29507
31997 465
16188 19836
4262 30998
30444 12588
7060 13203
15846 24618
19729 1269
13423 26553
29476 25019
8545 18013
22803 21411
25805 9197
28454 4706
32228 20456
8110 5272
10264 31244
30022 11523
21374 22821
30297 2035
31863 13348
23012 7422
9871 368
31101 26868
32421 4225
9365 1046
26701 29098
14586 26754
31346 4150
9375 31986
12096 12983
13472 14246
19264 21915
21889 28063
16325 5120
10423 8718
3208 4810
4969 25743
8690 10871
14475 6739
2080 8124
9869 5921
11389 5264
2964 25025
4802 30097
31321 30806
23958 17316
30144 389
19222 28214
29196 6361
24501 8904
30287 14950
13126 13738
29221 4525
5207 2054
7074 12224
30145 3873
27017 27815
23165 24798
32191 30721
13241 27012
5119 23790
25899 11968
18638 32045
25510 17390
19634 18306
8683 21396
22431 11611
16321 25135
28850 7090
12104 11827
24098 31541
17546 20813
20851 31653
25427 1771
9196 11900
16195 15358
14156 13522
25121 19454
20153 1153
27762 3887
29689 2184
17482 7716
15588 8365
9827 28289
1305 17511
19820 11525
28657 19706
9123 30919
18097 10980
12966 25535
1796 2680
17798 23689
13736 11209
28958 25958
18791 29129
30371 15492
16969 27826
22911 16648
25509 6483
25639 12996
8593 19820
2180 25848
2391 1589
19479 5549
13612 14367
18531 21485
9534 6829
28332 17531
16794 13002
14591 7873
13133 22368
30218 22729
25638 20653
8945 22923
3770 169
24857 7419
4591 14520
29983 10388
9064 17862
28365 10564
26470 31198
23441 11286
22238 18928
32045 18958
19407 30929
22703 19284
10194 29571
12708 1430
18675 17079
17801 31143
16575 13712
23426 29804
414 10666
31823 14072
30307 5211
26235 27126
14370 12600
4822 24647
22081 31195
23846 27885
25810 19172
9498 20520
17696 23102
31615 32734
23688 25252
12214 20288
11659 10339
20838 14763
1825 15201
31342 21708
15951 6750
29982 11784
9723 7034
4774 5915
14592 15863
17870 9727
10878 18753
21992 27663
20595 23851
15875 10348
7312 22396
3170 31136
5957 12970
22061 21121
4383 16869
4965 13912
32339 28247
30493 67
12443 22955
6120 14808
25408 2508
31886 17675
19832 495
24835 23890
12019 27859
18329 13319
2737 15431
10868 11277
1046 25070
24894 30902
4672 1343
3869 9188
32152 23247
11490 16239
23463 211
900 17863
32044 1248
10956 28123
619 30454
24657 30265
2503 11709
19111 11126
11411 8206
31956 11728
15910 30645
19971 14866
301 16758
22909 31160
18246 24142
15060 7764
11978 6650
23137 19504
29417 2750
24049 6197
509 7775
4540 7435
19992 30833
23959 27522
3039 1497
6762 23089
21404 27018
23523 22670
9874 620
10268 10884
11098 10587
9145 8745
17769 29275
29858 10987
1894 4066
2262 25137
22315 19474
11533 22904
31439 9459
13885 25774
15902 8311
5792 24818
11846 26974
5898 22684
15828 13143
14970 10365
25823 10856
32751 2664
4483 29071
30333 10480
31890 29866
8308 13957
4500 7119
4441 185
23697 15700
10135 18136
1004 7516
15223 19604
5854 16202
28571 25500
13234 20049
28734 15816
24871 8514
14269 12183
5910 12450
31830 30428
14932 13056
11056 22964
4058 21381
5276 12731
27427 14029
11675 14208
7126 16885
2720 8758
24229 22518
30615 28588
21877 305
20773 26751
19135 12619
818 13454
17462 7994
20645 5038
10410 25504
18542 3743
20824 3018
13375 32115
15439 18882
14078 4990
8854 5109
32402 29307
27573 28824
492 22760
12865 19899
32106 15864
19377 14798
22862 28216
621 1379
21615 23410
13864 12854
18222 9169
22128 21354
4780 5191
27523 17173
4154 10796
8549 20735
5393 22568
2351 20135
24132 4690
1194 7303
30962 26009
4124 7321
31424 7780
24162 11802
7814 17013
31551 5774
6473 25107
26612 31748
15210 1128
26129 21659
12828 13096
25738 28485
32027 26995
17165 31179
27804 27133
24467 10258
15231 16492
8758 24732
6604 29185
31554 4689
15197 8571
1934 6016
16088 10808
20237 18977
225 30366
20896 11613
12173 5561
22062 20560
12825 21541
12279 19981
14556 23599
28197 3810
2426 8503
10660 11998
23387 6745
25908 11665
22619 4172
13245 19219
5571 649
6370 13896
6521 26544
22488 28769
16243 19752
9337 2470
4977 6662
27284 7027
29420 31025
8072 9089
2889 11971
21009 9319
2131 23730
27745 12129
1768 31407
23667 15183
8178 1358
5788 27905
8090 10344
13489 15544
26814 16786
25809 25741
4318 4493
9736 28340
25931 9955
27767 19798
25560 19235
21056 3486
4693 9457
31561 15468
8301 25176
26173 846
24783 23906
20180 4524
23948 28390
1365 9794
3008 25506
24409 19667
25205 18313
9681 9244
22724 31582
9290 16392
3901 18562
15728 31778
10378 26379
10449 21071
5454 10773
15844 2493
22355 28746
21015 32741
26380 24915
7931 28025
1232 10948
22445 3219
13105 12045
8166 22563
14724 14278
21436 471
24319 2249
8344 20183
898 1530
16666 7250
10317 8488
16164 6634
10051 23611
18554 15285
28105 22832
25413 11420
29826 24831
32557 10532
20333 6903
15447 20140
27898 10267
13002 9206
3193 4041
15486 2787
30931 24473
9654 32638
23416 648
14224 18492
15256 4950
20699 31619
32150 11820
296 32360
30394 1410
23076 24765
26918 15936
27429 14923
31755 22307
6914 27996
1052 8035
21544 29309
12355 147
14058 4481
28307 8136
17945 7551
6653 16853
31683 23881
24502 9378
28081 5565
29668 30399
30124 1054
4617 27571
25953 32668
32296 4153
4249 3247
32252 8662
5555 1999
17558 8286
13411 10540
886 10520
16222 14586
24848 2943
16330 29974
22491 31742
27890 31213
2981 25592
19519 12954
2345 29451
3428 5198
9187 21910
30424 10485
26147 13432
30345 11542
18273 25115
10959 17659
7376 22706
30622 3347
30773 28094
31745 2452
26874 24279
14692 21374
7081 4463
20538 21168
28989 23553
22492 31354
8129 22909
31941 31211
1071 31792
15347 194
29630 11647
846 1821
168 1809
21740 22921
3286 19576
27176 32708
9623 10259
3316 200
18328 12082
7024 10244
7953 29052
27067 12269
6204 6030
30216 30133
21515 21733
8949 6746
21786 12542
27673 13539
30947 27579
18652 31207
4401 265
12684 31822
12759 4032
31405 27483
1697 10187
31376 29163
17803 17288
11559 4401
28785 24416
24455 27389
271 16620
14538 12737
20568 5771
25270 21467
10670 28128
19450 32400
22863 9724
19433 3636
25425 10093
2674 9802
19256 23927
9298 5357
31176 21665
24456 1391
13592 8820
1033 17983
24296 31359
11446 9744
27956 5278
9355 11319
20746 18556
9241 12373
16280 599
822 5431
4489 29955
13043 11002
11410 11570
5070 31859
11079 27122
31785 3022
14132 24183
763 17012
18729 16667
25286 6195
17365 19363
2249 13721
7318 4292
9334 5536
1680 19174
19238 27281
21501 2087
1036 18978
451 22435
20583 25825
8524 23539
1020 19670
5266 26355
452 3940
20601 712
12514 9841
6498 3106
15831 1223
28157 16831
31737 16825
5214 27953
31522 10249
2272 9637
11273 29174
1874 31366
3329 16254
8106 14314
21851 17263
2508 12503
2433 8591
4338 787
30468 23204
22047 10981
19061 32139
23527 4908
2752 20112
15208 25654
4919 25510
3320 26705
6856 5777
1945 28038
7713 31961
2053 17846
12148 2171
32405 3305
29559 8414
29793 10722
28592 18440
15607 3567
8210 8052
28959 31004
25817 26230
25421 14130
11767 15671
5116 9356
3314 15218
5899 13408
23474 30907
30156 6793
20281 9317
30552 17033
8846 21667
17189 14286
28154 20717
4570 25396
32375 23462
24673 16844
16742 16123
22846 30940
6272 8462
26656 27430
10767 25428
11190 13165
350 4411
14788 10294
4974 8721
26998 19660
31722 4641
6132 21382
1629 5919
6966 5452
22435 29638
22298 8792
19358 11967
10420 20538
23338 12485
7141 26911
7762 3591
7983 24658
16068 32461
10695 12291
28290 19295
2028 17480
14043 12067
16760 5985
13210 30469
20149 25408
3709 24347
3953 3145
20200 29577
14421 10582
20955 30883
10866 19710
32290 7762
26909 29719
2251 697
8701 15737
24029 18456
31586 20229
327 16880
7384 3046
31767 32104
9725 23
10732 10479
1935 9509
31406 7971
29385 25655
31868 6385
21232 31051
16870 19198
1321 7106
30813 29254
17037 4127
17127 5124
28799 1804
11544 29905
19261 28062
19005 2831
7862 4825
21722 28808
412 18039
25175 5971
18105 32502
17912 6278
1167 17928
7891 29434
19041 14014
28576 7037
25353 32490
6124 31332
12340 1550
12751 11535
27764 21700
14985 13967
24110 26927
959 32196
32075 5602
9933 17257
8495 18429
16989 14672
19183 30873
13881 7919
24510 19815
20829 1820
26537 11411
9809 9349
18415 31157
28355 5413
32541 14544
23084 22560
3222 9969
10392 2476
27594 20241
31563 23452
5657 2840
22157 6273
15710 18314
21485 11907
24113 5320
21588 3880
18417 8379
4120 2882
23222 4979
30236 24820
31655 7879
3304 26740
7859 12604
27135 32272
6275 20521
13164 19823
19628 23832
24479 25114
3112 19054
10103 8506
14343 847
24224 4260
31842 2748
9759 3858
14225 5630
11563 25011
24989 29759
2040 26008
18029 7747
12652 19166
23797 17884
15954 18784
24854 27842
6404 3933
16420 8906
19093 6128
1499 3473
18367 5176
12531 15037
2588 28598
13812 26502
18841 29686
9292 24950
27177 20338
25708 29110
947 12126
6631 6749
32441 28315
7553 21722
25501 22044
10938 20289
18037 3758
