16559242 16890145
16774889 16287880
16866504 16571199
16224121 16405969
16844412 16163463
16842460 15987093
16088130 16972141
16271312 16741998
15823088 16624373
15781106 16834373
16316178 16081355
16011509 16778953
16712120 16001171
16447155 16295860
15885151 15854151
16630021 15948997
16436955 16281954
16519805 16425136
16275192 16410847
16494072 16404043
16346761 16079723
16430613 16556128
16771088 16528296
16625094 16691595
16742034 16563326
17037220 16415919
16264336 16457904
16832145 16637048
16448749 16149172
16575785 16649147
16235118 16188836
15941170 16819463
16324530 16071740
16723074 16556872
16525230 16169196
17005240 16802087
16702700 16156339
16272299 16062860
16288336 16781369
15802921 16377617
16016010 16523355
16867537 16204938
16742493 16409019
15780472 17075347
16105105 16473900
17007067 15727099
16353235 16221045
16353716 16623548
16123635 16652598
16106680 16257090
16830125 16206640
16840139 16387705
16699840 16098399
16859030 16276772
16179939 16191286
15901911 16455407
16528602 16275113
15992927 16627366
16472712 16524619
16821471 16193307
16303743 16287252
16692471 15692495
16206752 16475040
16556958 15918279
16260225 16582824
16767881 16377778
16796682 16228356
16719719 16045601
16305380 16069706
16257517 16575253
16183785 16035964
15873538 16302380
16772518 16703303
15625787 17060660
16700178 15985494
16252280 15662031
16553189 16408394
15926907 16283127
16778665 16262679
16518131 15686706
16210027 16255617
16412840 16492874
16752566 16791330
16250683 16726040
16338533 16463576
16532113 16073577
16267060 16086083
16340340 16180675
16092360 16333383
17011321 16390698
16507396 16561038
16530574 16497428
16165290 16280310
16578138 16352106
16823867 16239377
16597667 16551428
16399034 15736502
16221198 16373103
16304632 15667374
16317822 16888984
16012893 16362395
16503195 16606742
16200421 16570972
16417613 16155854
16650812 16672693
16282925 16452456
16222026 16383560
16083464 15946928
16745634 16787682
15860890 15965021
16243992 16241233
16336780 15694383
17023861 16663880
16160227 16444411
16206427 16690284
16364062 16075616
16508044 16519868
16301837 16372530
16278782 16573138
16564108 16227877
16317997 16639852
16586284 16492291
17089279 16042841
16614876 16271517
16328219 16128337
16462155 15908247
16382564 17153016
16063243 16949447
16347786 16449081
16492054 16215248
16851256 16747205
16356665 16219273
17070400 16280675
16386790 16550555
16403800 16125361
16517665 16462325
16502874 16431520
16184726 16608528
16389393 16030399
16355337 16160502
16158217 16333821
16415781 16640576
16125449 16549892
16858324 16417184
16828392 16533903
16266423 16570368
16141943 16558957
15935099 16009214
16159819 16070716
16823554 16452718
16149571 16210659
16671522 16433160
16451842 16408094
16159575 16637318
16743791 16411779
16189616 16924592
16301102 16716051
16541074 15933781
16291869 16266853
16362744 16162039
15909833 16361296
16761260 16985498
16667154 16191073
16508486 17083908
16037316 16316045
16268708 16505012
16040300 16042614
16534132 16402568
16721928 16143613
16445321 16480324
16219199 15974600
16281490 16401085
16134358 16652435
16510300 16409237
16881772 16533299
16509846 16708252
16475638 16815936
16043262 16477592
16329743 16364478
16241789 16461364
16604523 16131891
16295069 16215845
16305405 16669799
16138301 16894822
16002411 15769157
16484875 16104821
15929707 16455501
16106714 16162869
17001422 16503411
16192371 16592469
16125760 16333426
16349306 15958701
15969928 16226756
16012997 16259064
16964716 16391032
16642296 16042203
17042337 15747679
16214508 16732198
16813832 16650447
16041041 16599176
15866159 16267750
16605959 16035050
16694532 16642108
16550032 16668696
16379162 16760492
17127410 16319625
16776290 16781260
16470984 16731423
15801721 16068250
15785666 16821409
16442151 16139687
16792527 16350689
16171069 16965541
16715144 16743288
16156496 16443252
16340680 16433209
16280401 16656361
16742976 15812323
16383722 16763787
16792233 16280126
16102599 16145757
16399059 16540924
16867290 16009158
16219528 16208378
16986825 16471490
16999751 16427972
16498775 16658975
16626966 16272704
16349979 16377724
16682936 16281910
16659979 16638116
15792050 16462385
16065483 16246852
16633831 16943916
16570169 15706434
16603929 16504531
16499439 16559688
16727051 16535534
16038341 16474648
16381298 16191764
15986300 16584553
16378384 16749891
16446381 16441598
16702649 16004873
16104547 15983027
16674835 16986412
17046295 16579613
16819922 16653962
16499362 16448287
16409578 15890906
16401901 16320841
16181744 16162248
16226148 16527769
15981481 16303406
16550419 15949484
16301020 16222897
15749286 16833366
15494481 16378133
16088472 16306768
16626377 16792366
16745475 16502330
16199397 16956322
16201388 16562683
15983740 16123228
16402422 16736309
16954945 16683749
16534257 16542671
16738065 16564007
16331328 16541529
16488881 16794817
16601265 16367044
16666803 16105116
16636134 16071088
15920872 15968083
16113115 16385490
17086231 16505267
16110111 16952599
16141330 15536263
16549984 16030235
15937657 15951471
16659331 16881588
16664338 16275032
16344670 16535702
16175788 16497371
16978802 16109432
16086533 16961213
17075651 16514861
16364500 16395484
16156616 16984697
15920874 15880174
16356458 16088033
16542179 16519852
16721533 16252516
16828322 16297909
16421013 16981205
16157411 16237043
15730075 16490918
16455227 16729106
15931423 15873987
16067749 16060659
16628494 16542197
16347333 16638760
16630047 16229096
16409965 16274832
16375045 16788845
16575788 16704235
15737205 16528443
15977226 16704974
16515392 16237079
16097679 16456003
16043837 16040378
16348029 16422855
16367096 15826388
16131000 16538679
16375910 16326989
16151805 16073068
16034050 16168654
16091620 16286186
16280281 16230673
16606548 16038058
16734335 16532194
16804339 16277595
16745682 16428800
16374404 16503676
17031807 16709679
16407007 16436522
16303151 16582927
16640671 16377897
16768194 16100482
16543668 16195283
16596710 16321838
16362413 16141369
16440691 16791039
16171365 16395024
16616194 16257443
16692115 16406029
16185985 16313022
16540937 16402406
15711890 15756318
16095347 16669573
16894441 16326792
16380041 16599952
16772981 15889097
16379947 16069283
16409035 16166283
15858164 16255906
15545290 16317328
16863429 16724340
15980576 16476068
15996739 16014985
16556423 16440453
16502839 16526821
15909588 16327913
16408178 15931919
16338628 16608172
16450730 16023020
16594911 16792413
16180651 16159799
16372013 16514780
16253958 16480161
16207213 16351481
16335517 16491277
16531236 16772157
16344112 16314616
16292151 16534434
16419728 16292965
16395890 16222663
16071499 16400401
16757109 15856010
16930384 16471706
16889118 16199029
16457556 16595634
16100397 15976584
16300282 15836995
16476490 16198994
16098870 16299798
16719679 16098974
16140699 16639148
16408773 16080699
15394302 16321290
16195753 16441858
16424491 16311465
16298420 16324977
16086199 15862926
16467597 16633977
16338065 16448862
16019966 16658884
16050285 16781790
16361170 16828430
16607950 16155850
16332743 16252466
16406219 16478411
16308092 15867593
16387879 16470209
15931602 16274635
16242237 16547672
16084598 16427708
16764703 16922463
16198475 16255872
16514176 16487303
16089600 16695754
16597275 16223907
16287044 16578658
16113577 16548707
15968217 15776263
17038078 17083520
15809672 16052583
15996371 16262367
16905761 16148829
16519885 15623953
16049988 16305299
16495799 16502273
16384699 16557534
16588428 16782414
16358236 16637928
16044708 15979730
15688657 16598377
16397345 16616000
16117464 16449887
15926636 15863649
16133974 16653894
16509327 16260797
16644037 16779021
16016173 15618911
16644891 16942655
16274677 16525303
16305182 16860873
15794626 16512812
16538964 16372563
16321577 16448447
16318912 16160445
16119591 16535685
16411644 16374669
16360818 16052265
16428772 16272572
16406954 16201095
15875326 16282874
16266880 16145237
16050522 16465641
16531160 16940102
16148089 16151938
15979911 16913180
16336683 16532298
16104723 16251536
16219712 16593704
15898728 15986033
16080521 16560098
16509464 16680595
16423556 16352259
16454944 15810695
16205117 16571011
16309273 16873005
16077111 16563738
16343516 15753791
16716105 16128326
16132365 16523143
16627781 16758555
15799405 16296092
16210111 16794208
16279250 17094755
16868786 17024372
16794337 16542093
16101801 16264033
15608683 16643832
16347012 16105171
16188222 16251718
16036339 16591516
17108224 15946050
16411586 15792479
16542593 16102292
16674729 16324095
16359796 16203017
16085088 16075564
16322988 16377998
16384185 16401300
16318150 16912541
16782186 16157175
16092079 16642074
16317239 15894860
16431891 16064971
16181969 16583687
16674736 16195677
16413952 16497956
16084043 16696989
15797415 16918318
16929700 16043864
16483413 16397595
16590928 16831767
16027376 16953742
16338258 16339665
16432903 16467777
16549205 16655173
16746374 16122115
16413451 16515323
16890646 16435573
16161059 17204987
15928469 16378765
16341649 16035799
16584329 16519680
16382431 16602730
16167916 16107380
16587254 16266569
16469875 16709268
16268689 15918969
16061363 16706115
16828259 16181113
16716721 16600403
16349741 16388122
16269808 16362075
16119960 16522289
15987029 16182334
15615363 16262796
16176284 16539021
16106430 16853418
16678505 16951609
16365022 16580758
16179611 16243177
16563914 16246216
16077050 16472695
16277804 16282665
16350975 16774524
15761358 16918153
16350903 16602567
16702802 15751033
16499436 16516646
16948376 16105964
16031239 16249148
16203850 16416882
16565003 16671201
16657235 16092660
16303257 16745187
16097355 16041233
16684446 16244448
16400895 16736418
16976042 16572578
16061224 16448342
16339099 15979254
16545392 16682996
16580653 16408722
16690916 16349504
16157194 15438884
15818479 16216565
16662770 16078999
16681340 16094411
16209885 16578711
15864141 16702595
16408903 15834836
16070921 16196585
16830478 16766510
15999881 16295376
16611039 16615758
16765841 16678096
16222371 16777942
16133038 16458692
16357375 16412097
16477907 16217426
16914339 16372921
16465864 16428115
16636518 16622204
16523532 16540529
16454384 16458161
15824291 15603087
17093678 17268038
16252975 16457012
15864023 16465871
15885177 16299358
16227214 16110640
16065064 15956152
16262912 16221475
16424756 17129943
16107032 15924566
16358700 16108480
16346017 16861082
16531143 16019717
16345644 16273038
16418539 16542841
16446621 17128732
16603230 16431328
16653716 15998466
16414118 16560356
16177143 16358353
16351705 16158547
15857260 16302471
16777044 16346882
16329681 16374213
15978765 16337519
16714420 16584528
16366046 16219286
16614904 16182473
16014415 16203846
16576608 16309536
15809351 16134137
16120964 16460527
16890218 16500379
16498001 16711966
16062874 16146138
16524680 16476750
16285303 16823199
16222155 16306502
16313049 16179070
16652000 16351434
16531820 16342345
16049566 16196477
16532718 16353235
16770733 16368739
16554052 16390579
16968897 16633346
16203255 16199084
16362189 15829788
16226545 16006836
16036721 16262816
16182233 16295755
16349544 16493327
16505212 16654934
16076674 16024417
16049321 16370300
15460464 16251458
16052233 16718492
16406252 16333375
16399980 16936303
16125382 16633436
16216695 16383383
16637882 15704417
16027399 16639464
16220052 16547263
16414399 17113364
16449524 16617081
16051343 16321022
16274368 16408125
17044206 16309103
16305548 16439249
16641255 16363501
17047629 16401881
16407828 16384587
16735897 15946573
16557610 16395600
16481090 16353985
15788813 16116699
16238856 16275180
16559711 16373877
16186007 16515745
16470772 16576001
16753358 16267452
15735686 16123697
16364637 16712649
15968965 16080594
16318966 16469695
16155523 16355225
16137858 17032208
16222351 16651361
16907428 16477876
16546922 16730032
16232234 16480636
16318988 16508022
16263334 17002234
16686155 16778608
16423952 16751113
16493979 16295220
16423942 16524628
16513256 16064181
16489325 16653239
16294126 16985255
15854812 16148452
16296055 15952330
16204583 16536735
16511539 16928949
15905045 16485529
16957678 16497769
16460094 16390801
16496495 16377723
16547499 16214381
16308321 16247970
16212950 15909827
16254582 16107211
16411543 16340070
16942249 16666784
16189659 16229885
16545155 16008406
16059912 16327540
16145364 16465475
16363057 16226163
16456282 16922510
16514042 16624833
15856617 16059260
16804324 16444958
16845624 16348382
15846148 16467507
16311022 16387670
16667177 16187351
16834012 16208603
15929765 16270781
16629433 16194792
15695002 16360128
16296029 15837045
16344479 16482670
16457111 16420117
15859593 16690370
15827185 17057973
16145656 16797526
16684347 16823541
16281826 16118752
16252227 16452764
16387550 16450892
15743958 16280186
16082580 15584827
16069520 16501032
16682480 16447865
16131912 16679826
16250565 16159166
16562616 17093730
16151442 16056777
16739751 16602698
15939420 16061542
16000458 16745521
16241815 16315483
16393467 16398538
16662063 15969321
16354765 16035535
16598777 16492249
16999198 16777440
16556427 16232235
16844729 16624104
16048328 17100708
16825897 16188555
16709447 16216870
16329067 16501686
16725993 16721025
15846436 16587252
16536942 16338527
16386340 15821344
16573068 16358284
15803132 17340159
16568827 16324284
16006317 16538415
16447095 16362181
16505036 16601513
16286444 16425550
15981074 16774389
16648673 16132109
16057187 16588782
16481859 16140017
16185213 16452975
16462488 16476567
16562430 16209903
15718886 15817411
16689864 16153205
16385736 16598328
16093051 16437168
16133133 16921538
16157155 16618012
16424049 15995163
16522451 15916240
15895194 16754656
15706862 16493204
16681318 16687863
15955743 16111044
15928191 16452879
16229353 17242485
16507844 16044291
16725054 16289873
16532682 16136594
16485054 16626969
16793984 16347477
16050765 16212600
16764045 15827735
16381327 16438111
16005271 16308653
16723774 16523891
17119385 16498644
16874039 16534089
16604973 17031229
16128279 17016274
15965987 16434597
16199362 16478186
16730926 16538343
16629204 16368392
16029197 16837292
16394528 16816684
16257680 16883647
16692081 16175066
16036731 16418019
16449413 16752379
15747918 16057534
17272858 15835729
16682257 16706089
16598988 16864387
16452488 16736232
16148860 16748665
16169270 16674965
16390115 16158892
16869633 16025376
16340443 16609314
16207281 15756846
16549361 16198035
16153071 16699543
16575247 16521118
16507024 16464108
16885736 16217345
16536659 16126501
16564005 15916189
16091110 16623324
16323515 16632115
16059924 16163275
16607287 16618836
16734604 16453076
16506732 16776186
16760111 15947198
16219185 16684961
16214962 16335889
16425240 17228623
16119743 16712644
16453899 16333216
16274473 16293750
15986367 16012651
16798644 16024042
16628919 16437596
16263458 16938481
16375306 16263207
16836369 16229936
16618877 16495776
16187489 16719256
16942445 16101761
16172983 16434866
16199910 16136595
16838660 16215132
16415391 16402301
16518135 16333130
16655699 16266785
16125488 16234571
16110517 16662573
16533885 16798744
16451748 16220239
16773279 16209761
16000724 16740722
15963758 16608515
16609503 16281134
16461196 16261022
16419233 16757095
16287930 16374289
16348170 16995777
16014033 16508671
16159358 16799239
16299645 16445741
16066580 16092412
16682620 16253830
16275257 16332132
15971760 16582805
16818925 16181708
16342682 16304965
16543202 16885043
15670310 16315935
16710337 16728661
16474401 16258060
16542827 16153549
16580623 16388032
16303466 16247913
16067566 16331794
16181438 16551671
16676707 16722828
16554272 16399907
16241988 16515360
16644396 15971528
16160794 16686980
16812956 16616861
15954664 16208221
16560975 15287123
16021567 15909276
16528150 16167088
16653030 16120529
15871347 16355441
16395699 16377812
16426339 16278392
15979379 16416103
16544321 16338605
16214077 16152712
16435641 16573020
16298274 16791896
16203432 15528208
16324835 16368305
16542661 16592275
16673268 16545597
16075731 16657097
16306034 16259506
16202098 16440121
16438302 16108785
15757181 16060901
16048728 15668119
16484527 16187736
16368936 16633982
17006558 16333927
16066375 16533089
16527289 16692684
16454517 16357378
16012022 16269392
16544870 16042006
16745554 16551603
15537384 16365919
16629395 16528288
16359358 16133808
16407704 16458226
16359310 16173729
16128246 15608915
16187163 16781345
16813688 16418204
16582999 16474588
16398320 16269425
16574647 16024210
16543755 16764819
16197693 15734020
16806288 16319986
16069231 16292855
16308050 16455193
16437824 16120313
16653275 16454376
16167520 16740881
16194074 16477947
16375158 16525037
16223446 16416050
16629348 16587575
16125589 16379956
16326588 16658862
16325209 16243439
16395384 16362797
16157375 16723930
16379733 16166994
16095901 16859637
16601838 16793094
16868479 16598001
16622072 16300276
16475000 15845484
16254798 16147421
16675325 16368227
16944584 15982972
16468714 16647251
16326648 17151104
16058631 16630068
16419006 16465862
16459561 15666099
16741042 16041497
16547791 16111223
16050377 16181776
16567809 16053342
15881635 16002704
16460863 16652340
16516118 16315976
16684394 16503919
16621253 16516101
16180301 16358434
16101495 16415325
16536449 16564750
16327680 16505915
16449021 16677025
16172029 16550982
16375371 16732894
16759623 15879527
16469841 16401254
15668398 16237111
17042363 17112349
16300751 16379275
16723534 16519841
15857791 16429569
16265681 16660167
16578680 16503397
16478452 16514132
16172411 16249266
15967875 16627177
16763446 16454230
16477502 15832646
16765330 16324408
16924640 16789610
16188981 16171808
16611618 16447174
15725278 16136374
15750091 16530507
16745055 16612041
16018104 16298899
15957863 16280618
16136321 15855504
16323732 16633694
16717823 16573151
16010472 16238428
16466898 16015421
16061192 16209638
16242396 16652923
16527791 16277633
16600005 16262199
16438158 16492336
16514410 16019565
16876424 16534934
16754263 16208331
16329789 16143991
16081283 16382718
16816257 16032895
16361895 16285351
16184093 16087715
16734538 16437176
16041657 16218989
16067454 16826613
16023080 16329120
16136905 15697146
16344067 16148505
15565319 16002726
16950066 16677287
16636918 16494739
16467581 16679116
16384827 16276910
16660601 16679055
16323254 16279705
16761879 15981413
16483630 16409649
16454654 16274486
16332063 17384209
16102125 15732190
15883662 16603147
15600527 16059110
15997259 16340455
16181448 16854587
16310976 15912776
16381247 16661105
16422122 16267023
15940567 15880824
16476784 16474106
16394032 16775405
16350782 16678068
16777746 16552099
16501477 16261121
16480060 16079948
16001852 16104626
16847192 16613034
16767497 17180029
16563046 16415378
16314864 16420103
16269288 16134820
15887794 16614986
16894384 16804272
16230466 16516070
16081816 15712880
16210977 15882387
16054319 16433068
16360499 16201508
16601702 16335922
16513824 16822863
16293103 16814758
15973321 16235710
15884885 16698851
16064735 16656721
16584089 16119944
16401678 16329408
16869765 16971117
16294693 16077780
16982154 16680763
16455134 16488228
16661932 16306402
16406544 16435112
16001947 15553753
16352390 16291820
15873300 16217643
16618958 16521952
16057546 16185197
16836273 16106280
16131488 15858524
16069119 16376712
15991355 15795417
15929998 16887497
16180553 16316034
16351986 17151885
16513448 16061230
16342536 16117946
17025582 16678294
16146041 16493830
16925021 16365679
16129830 15736592
16788030 16230020
15997621 16046551
15642423 16452261
16493572 16469996
16538437 16680790
16453022 16471082
16226610 16129939
16308841 16455968
15938452 16496171
16485673 16429505
16340299 16256404
16744563 15765677
16877827 16140468
16674625 17205449
16136590 16738894
16348215 16207029
16003488 16766260
16124448 15920949
16489473 16763912
16616339 16442140
16352099 16413083
16135054 16972539
16437892 16271538
16719016 16542175
15979594 16102395
16695700 16761414
15971138 16578090
16612677 16185085
15923788 16200245
16255589 16866034
16323600 16083617
16221093 16818332
16763752 16941645
15492055 16538360
15977240 16333801
16483752 16547003
16883144 16104013
15999971 16373855
16625227 16515125
16144710 16752888
16566087 16019523
15868042 16083283
15930259 16764235
16110736 16262089
16326113 16595449
16429033 16524146
16732430 16365877
16010624 16784108
16349089 16133583
16361445 16882961
16956569 16505407
16554506 15965303
16198295 16834911
16146068 16444440
16755786 16369151
16191551 16531082
15961247 16640745
16394727 16328316
16021040 15995580
16483866 16291534
16315353 16113738
16211917 16638552
16347207 15947344
16437670 15907741
16463417 16701335
16176723 16823713
16248957 16328401
16763076 16270034
16493017 16049884
15885219 16430625
16370896 16685635
16335282 16368225
16196711 16458729
16276872 16546352
16145251 16664221
15864341 16306271
15924292 16098532
16718343 16717714
16314863 15778236
16683061 16777909
16713513 16318415
16478010 16426094
15951542 16392678
16093679 16281475
16980805 16698007
16036631 16168618
15962008 16153828
16903496 16559265
16256652 16522068
16694158 16213067
16597694 16476340
16545890 16240697
15775461 16517084
16637599 15647567
16504308 15924107
16812330 16445469
16312961 16524901
15921777 16378272
16031572 16501575
15955327 16589433
16940846 15895765
16010499 16477559
16446684 15887829
16651124 16579926
16829211 16503067
16204784 16311473
16362641 16283978
16464185 16193145
16589839 16157009
16756147 16344390
16096334 16647091
16759921 16516098
17031205 16567140
16637966 16778561
16521822 16458489
16216926 16931826
15947143 16395617
16363781 16439985
16252020 16805172
16331769 16856118
16243180 16893249
16250573 16350064
16619710 16644176
16798767 16524024
16204687 16787717
15992577 16973221
16336159 16702025
16263710 16498218
16640066 15888056
16234499 16643903
16799667 16165143
15567794 16620473
16490026 16526401
16113576 16612956
16721528 16415470
16174794 16535975
16595771 15988695
16372717 16033952
16058191 16541087
16271780 16643603
16487801 16967464
16345821 16682104
16863304 16514854
16667166 16326329
16548539 16289907
17168989 16531358
16471924 16801186
16137808 15983063
16210244 16746902
16439461 16046128
16413372 16062220
16835604 16143716
16608991 16574623
16636783 16346163
17201214 16499022
16849293 16486234
16390547 16958367
16308473 15929735
16137669 16446060
16397480 16262562
16002967 16167049
16328467 16637530
16193940 16105604
16091979 16330336
16352940 16729426
15735776 16509061
15851908 16007582
16380851 16039816
16020701 16390124
16747888 16467499
16280462 16157526
16597954 16674575
16633910 16334498
16896387 16452887
16846276 15741991
16601449 17224422
17034948 16338683
16432708 16044906
15932952 16830924
15954611 16220501
16688748 16441172
16263587 16363332
16478872 16808524
16547252 16420872
16338251 16418198
16935324 16332390
16474425 16630748
16599111 16848171
16333124 16373692
16733262 16088832
16105477 16204825
16066700 16721576
17023070 16673751
16465842 16621298
16770292 16191847
16151673 16145048
16300174 16603088
16220601 16428110
16524805 15810963
16581160 16500470
16709636 16626076
16805972 16989468
16210268 16018085
16295744 16056736
16798879 16584539
16212399 17262417
16864430 16786083
16300586 16064694
16327754 16975610
16460684 16203984
16739907 16285539
16584870 16202297
16334117 16133789
15868953 15818705
16481251 16979776
16842947 16278560
16217389 16456710
16294241 16538151
16044973 16941009
15982753 16856181
16261713 16311664
16218437 16106964
16698285 16338788
16287245 16630037
16259737 16490670
15991229 15972624
16398816 16423880
16434986 16490564
16200722 16245691
16847090 16566690
16708643 16317223
16415201 16508881
16630984 17089747
16252103 16780687
16109696 16253820
16151644 15904182
16425575 16144840
15932226 16358112
16786748 16763545
16256088 15992838
16327513 16758941
16466509 16615340
16631763 15885983
16521219 16321715
16031069 16381779
16402470 15952340
16486063 16084365
16608617 16372175
15918727 16460790
16384657 16242535
16371636 16446802
16310876 16477517
16209135 16477309
17057704 16213590
16081123 16028682
16829707 16708911
16236118 15716069
16313682 16592048
16357440 16211890
17171281 16088958
16316674 16279872
16533945 15843410
16796598 16674378
16571199 16163373
16833227 16503191
16593613 16496520
16339267 16209328
16198365 16053075
16595402 16620958
16449123 16459802
16449290 16690193
16893993 16582854
16182240 15918001
16712365 16295941
16493278 16779075
16812280 15694004
16205574 16300436
15865252 16141656
16952072 16252244
16696203 16406764
16720264 16266590
16452919 16068125
16700726 16557160
16403892 16629649
16470262 16641317
16498562 16539708
16973726 16421464
15727988 16269993
16231346 16053944
16974424 17103294
15990813 16211221
16034052 16480312
16516984 16410689
16722926 16814256
15871160 16718545
16688679 16807443
15907448 16144293
16650802 16104222
16407442 16474484
16567011 16306766
16390828 17193736
16026382 16289465
16474756 16533240
16313674 15967007
15924721 16517167
16641164 16196072
15865752 16212307
15819619 16317977
16038474 16741706
16420014 16714335
16634071 16729778
16319262 16546190
16229856 16365660
16105851 16506438
15885368 16420074
16818821 16558950
16357014 16508715
15917291 16823209
16951235 16632332
16127877 16525748
15688296 16652293
17121542 16359500
16249192 16454656
16463923 16222820
16310132 16408765
15841214 16562805
16422728 16154860
16243306 16311159
16245676 16242518
16587556 16619509
17100636 16688846
16634995 16468707
16172274 16028122
16695611 15716078
16437098 16685937
16481297 16406212
16374136 15967823
16580578 16545083
16092610 16184579
16131924 16719087
16152325 16427661
16198977 16425180
16711723 16697734
16297015 16888754
16937921 15873222
16686887 16771100
16383152 16101089
16376016 16396478
16065974 16440026
15870914 16670851
16636283 16956218
16718589 16624183
16474832 16659142
16591116 15900786
16378964 16778329
16527571 15873560
16515303 16372416
15985929 16301500
16223067 16425081
16840791 16050763
16668228 16339090
15977881 16404079
16157830 16164225
15746968 16571650
16431310 16466479
16490701 15788188
15844841 16296298
16380998 16294923
16318069 16596421
16432332 15933981
15797590 16597556
16241862 16078201
16645422 16537925
15791930 15765745
16070897 17139172
16662215 16025431
16419633 16689838
16131677 16304969
16228028 16419451
16550026 16338829
16383564 16041981
16687144 16541432
16651405 16606709
16844796 16434232
16395401 16467759
16530088 16054781
16314541 16199262
16650995 16841524
16870368 15777345
16108493 15735432
16550122 16382357
16613303 16157355
16224878 16368423
16230797 16572025
16790342 16604617
16294912 17008794
15955513 16641046
16460274 15915961
16467403 15954151
16995855 16747208
16411896 16371425
16130818 16394356
16455303 16861405
16149415 16197499
16403698 16286086
16968354 16177796
15792960 16579523
16562910 15594621
16870421 15637010
16701210 15992826
16370231 16359290
16685550 15992799
16752720 16395933
16924178 16107238
16669012 16566810
16506474 16218044
16596946 16078064
15889859 16690485
16449157 16388529
16375470 16144878
16261201 15541043
16274445 16601296
16519166 16026676
16183428 16368795
16160780 16265062
16494327 16009182
16704406 16895890
15985166 17452439
16252155 16551818
16407716 16132198
16731952 16282065
16523592 16288537
16360710 16505190
15839962 15992901
16066832 16353555
16313379 16487135
16475694 16393044
16680886 16252290
16664330 16132881
16326787 16710425
16455298 16384763
16494922 16522812
15859511 16444923
16159920 15817141
16387074 16682663
16713075 16613456
16689037 15886287
16555633 15680678
16325783 16571459
17226320 16759233
16422405 16101025
16389061 16372258
16457314 16187812
16418242 16474256
15966354 16177228
16239331 16455675
16377666 17175820
16276973 16321245
16719166 16218836
15899046 16329778
16633172 16198726
16365763 16764584
16179757 16526402
15717889 16426185
16197268 16211331
16280618 16204185
16139578 15663782
16602621 16259045
16173297 16072323
15846983 16710166
16882786 16094154
16510888 16554806
16419450 16147809
15709444 16584171
16432560 16774671
16349425 16532740
15974674 16345177
16217696 15930144
16580409 16039697
16009198 16460602
16342275 16214118
16326626 16824017
16418058 15708813
16573392 16246218
15980977 16605453
16861656 16661142
16244186 16846532
16942296 16089072
16282676 16561766
15837015 16507017
16539538 16298652
15803475 16410414
16761510 16727639
16666170 16875188
16228424 15955002
16701440 16216470
16734981 16502544
16241787 16411345
16594375 16787820
16168511 16282935
16601933 16137798
16371746 16546624
16463405 16328765
16602319 16271318
16630106 16278065
16504617 16090549
15873927 15713986
16566745 16564133
16923510 16584894
16547751 16801883
16469951 15948523
16231237 16167579
16537439 15867876
16113972 16192748
16169650 16518933
16479949 15936287
16934350 16321724
16703003 16293093
16727054 16583494
16638485 16305384
16365666 15932751
17083720 16186840
16299312 16561610
16435842 16634513
16739721 16623451
16458881 16207289
16120851 16524495
15828503 16110097
16407373 16695521
16456191 16720496
16541261 16379448
16542428 15655285
16308193 16383923
15983490 16159254
16468573 16295932
16502440 16127694
15874275 16120307
16799524 16462488
16580104 16607270
16517061 17238021
16864417 16369037
16239384 16488960
15685457 16532678
16608235 15977260
16318731 16218244
16717065 15949392
16460904 16438195
16470340 16414266
16454671 15902965
16780089 16487811
16798442 17247000
15797687 16457499
16376784 16411856
16352129 16340390
16425275 16081121
16676695 16407515
15713844 16800275
16077811 16200861
15953201 16354091
15885355 16564900
16421143 16385711
16306836 16238757
16714946 15876001
16656911 16705857
16620229 16615625
17028448 15902565
16766466 16422054
16260889 16868788
16234769 16381468
16626228 16213787
16195284 16326652
16292179 16895525
16302601 16901356
15908684 16358829
16760168 15726526
16477867 16463994
15928229 16149283
15716983 16834852
16811906 16069101
16708927 16431787
16706534 16228045
15811002 16533397
16175962 16540784
16581334 15690424
16890062 16487878
16507721 16049907
16578245 16459120
15691184 16703170
15845441 16311858
16059632 16733476
16435172 16681675
15928238 17018058
16248953 17245705
16127149 16361521
16129216 16067235
16167623 16214642
16385877 16313151
16306331 16348755
16403232 16390843
16595217 16756272
16507594 16567237
16094902 16897306
16099635 16675135
16282734 16223685
16046312 16506336
16366826 16288991
16335942 16661250
16719666 16564154
15939393 16226649
16883094 15911972
16296345 16081585
16251062 16248089
16018963 16777698
16036648 16694569
16070499 16793995
16330717 16234288
16193599 16927884
16921011 16397788
16581508 15609222
17029916 16446442
16534494 16699212
16658205 15469613
16032786 16678054
16486454 16677226
16293613 16539727
16105813 16291356
16461578 16483600
17130804 16260431
16557898 16536952
16580228 16492998
16038509 16817266
17068071 16627203
15989517 16385202
16120980 16293104
16243740 16259344
16074456 16685392
16756799 16434206
16437668 16041422
16165453 15847618
16252830 15965502
16735446 16509364
16356219 16743012
16431825 16095643
16166946 16521191
15963868 16337768
16668758 16322708
16163760 16435628
16248482 16015134
16151595 16072507
16561668 16014943
16382748 16234215
16077047 16435474
16452355 16554823
16204416 16071136
16176857 16332610
16444735 16231321
16347457 16430478
16192516 16382212
16403705 16097452
16079236 16375009
16661717 16343992
16662634 16576976
16348024 16468340
16919439 16462513
16417748 16546875
16047533 16185896
16474224 15861533
16710027 16319268
16047151 16045262
16843218 16148567
16361921 16396299
16308576 16196704
16735224 15942532
16466664 16290319
16344455 16718363
15950103 15952929
16226596 16293506
16266967 15912303
16558508 15604566
16393918 15872158
16853434 16300913
16118708 16281706
16583730 15763907
16040024 16730035
16655283 15724719
16584571 16404765
16982791 16563019
16040924 16385903
16391443 15995912
15638593 16434563
16843877 16319974
16500533 15746522
16428010 16382867
16202680 16589673
16172584 16400315
16769156 16242931
16442891 16448828
16414776 16466179
16318018 16334496
16065956 16651921
16736680 15920879
16116618 16643143
16270021 16341210
16297125 16372982
16135309 16164607
16559046 16388907
16198071 15721493
16714662 16017901
16119011 16481022
16600827 16577472
16009480 16037519
16078978 15870843
16136366 16269636
16345855 16542695
16070327 16197147
16361777 16183260
16324073 16994202
16487927 16536017
16386263 15927491
16323547 16190672
16523889 15793194
16311750 16513892
16012662 15971500
16100974 16570457
16315481 16063729
16216218 15711885
16429629 16351149
16453348 16263310
16163293 16058308
16206893 16478553
16922010 16465875
16337706 15913851
16466049 16356016
15896246 16705995
16348483 16239389
16513404 16559872
15722149 16323541
16469559 16514534
15959897 15890321
16068510 16683319
17050159 16965909
16621689 16122791
16351719 16096045
16384941 16896007
16392494 16666741
16128965 16273676
17267389 16583645
17075092 16368002
16179599 16398352
16143848 16464919
16484371 15933389
16342385 16563082
16810317 16543191
16442610 16030408
16629700 16526578
16322366 16028768
15570537 16172974
15294180 17056558
16758766 16156940
16398031 16523730
16267000 17079233
17095111 15960874
16352870 16648822
16673362 16529884
16414932 16170978
16477043 16566485
16400697 16418536
16302021 16265873
16347718 15829544
17082908 15946255
16285348 16405633
16895246 16114167
16300290 16240811
16264099 16645362
16241723 16075099
16361556 16293370
16376616 16443731
16516604 16588684
16406621 16431935
16738148 15907996
16516792 16460284
16633700 16781273
16425171 16056407
16261237 16880623
16136602 16017639
16457124 16196536
16597944 16543375
16378221 16480765
16978433 16153599
16058034 16396603
16504594 17193987
16570436 16499833
16623035 16791860
16556213 16486024
17002693 16490107
16089853 15649225
16779991 15955581
16417191 16585030
16524999 16092199
16842649 16637854
16275299 16583181
16203647 16617398
16322377 16710407
16704542 16243756
16195914 16402873
16052284 16441297
16367657 16138468
16500361 16422255
15662750 16124810
16230872 16275364
16895836 16299030
16006367 16638256
16155981 16524655
15991390 16108819
16634647 16362080
16506123 16455104
16567155 16182668
16388016 15636007
16113974 15759818
16694569 15763676
16443157 16529891
16476173 16419035
16879525 16087133
16085818 15929529
16149997 16605236
16228679 16382776
16643218 16186405
16389406 16286502
16348748 15972026
16273763 16499489
16229841 16472816
16333042 15906346
16750078 16159599
16354908 16561895
15972726 16476920
16774293 16515082
16605968 16698423
16739924 16165940
16467343 16155170
15851046 16365139
16511902 15906631
16287510 16447792
16605201 16348771
15993771 16199525
16604545 16034388
16019141 16151505
16359126 16522727
16454433 16138510
16529111 16743332
16628579 16314890
16947218 16699028
16026216 16367972
16192904 16744734
16679676 16206336
16245199 16113208
16451483 16090733
16519092 16289977
15981381 16306568
16159194 16622377
16785612 15951381
16431913 16580725
16734880 16375475
16662084 16151347
15952823 16692811
15904272 16393809
16783033 16205719
16612651 16458864
16088722 16403777
16121442 16734304
16524756 16376334
16409711 16256210
16707414 16646352
16957953 16116868
16096737 16450620
16157201 16089687
15553556 16885494
16027433 16627933
16454835 16122873
16417812 16407283
16499376 15996388
16186287 16126797
16851082 16168819
16017547 16608430
16404777 16720754
16752024 16175597
16144178 16643229
16567684 16747947
16258436 16393630
16026334 17025728
16404184 16355665
16304293 16225228
16491988 16970350
16603559 16241577
16850247 16540611
16445519 16569601
15964138 16637924
16162726 16106175
15849625 16531912
16505432 16459615
16712221 16368634
16184100 16248297
16455424 16187761
16030910 16507123
16022032 16184518
16837131 16165690
16346650 16152774
16436650 16471967
16094708 16500792
16620109 16142528
16708659 16350652
17040080 16769396
16378806 16749626
15833607 16266358
16432932 17163877
15946365 16634998
16650587 16363233
16580401 16329794
16344328 16058535
16962190 16713388
16555266 16674381
16146320 16485941
16284632 16300715
15964419 16960985
16884848 16558161
16404856 16068712
16488845 16077362
16104403 17006683
16104898 16331502
15919806 16214164
16503819 16426348
15945997 16643029
16678672 16868422
16990580 16583922
15909269 16288328
16477880 15859343
16481844 16323134
16345999 16151417
16578537 16668350
16460469 16512632
16339281 16814801
16514830 16642618
16944410 15982839
16423723 16494962
16256566 16301054
16781801 16375572
16029522 16121557
15717872 16418218
15780638 16901102
16431645 16257037
16460908 16582221
16806191 16533745
16227817 16408733
16158167 16440110
16441950 15945058
16351964 16634238
16587920 15992745
16851694 16291460
16011054 16034374
16195805 16676115
16407843 16625547
15929183 16455644
16517366 16478869
16474446 16779712
16020888 16461313
16574775 16201104
16754074 16120997
16112147 16344520
16612331 16210205
16467589 16893248
16399154 16490075
16261438 16604871
16975402 16058110
16268582 16260393
16146351 16854446
16174300 16272133
16099917 16682322
16573240 16061228
16427261 16122043
16773866 16220251
16318048 16335473
16666288 16416089
16166187 16575861
16558424 16241884
16291912 16546868
16160169 16232894
16876130 16402854
16811556 16391820
16584253 16486551
16502222 16352813
16694895 16280483
16555887 16462697
15988200 16438694
16223618 15814854
16021335 16066872
16714481 16247113
16573841 16752970
16870016 16410516
16499506 16111748
16178927 16356979
16249619 16599465
16120566 15999096
16431097 16633711
16986445 16781487
16462966 16065686
16143573 16798102
16673687 16311295
16291884 16625153
16531414 16648254
16322054 15880382
16872467 16444468
16132441 16434327
16755495 16599668
16366777 16446505
16705418 15973878
16710386 16919123
16387141 16400735
16840383 16421304
16112645 16297854
15966961 16463138
16578881 16335629
16339525 16220000
15984408 16455337
16234334 16726807
16320592 16262463
16475408 16487223
16490309 16238957
16928276 16388672
16404237 15777307
16696639 16360232
16685641 15900120
16481628 16683142
15655834 16287994
16024901 16477737
16673273 16177897
16649219 16407654
16575406 15975926
16224135 16855320
16384936 16153835
16636576 16535268
16428160 15995506
16324586 17037492
16597262 16611653
16339544 16404829
16546818 17007677
15922303 16931677
15824920 16803344
16828711 16546233
16330786 16167294
16677670 16641771
16318182 16079181
16389438 16539098
16424671 16560168
16220701 16009559
16984857 16279776
16223342 16028668
16490075 17143354
16899856 16122035
16077600 16362191
16549046 16069119
16417873 16284055
16476218 16689881
17058999 16299316
16798770 15846906
16164607 16478327
16839550 16473610
16248313 16588278
16830682 16383427
16211038 16191660
16144103 16363516
16714989 17038126
16175262 16177030
16382565 16609334
16246920 15939309
16220018 16343724
16853373 16707881
16209661 16655699
16514640 16386226
16358324 15821493
16134549 16539795
15878219 16696769
16608827 16268134
16070543 16460061
17153775 16169988
16557122 16410506
16551479 16344348
16427302 16266208
16099110 16456027
16990426 16720060
15807628 16882584
16795203 16916750
16466104 15765130
16839683 16615265
16594629 16545024
16508167 16647834
16408924 16626079
16684031 16101730
16280382 17041224
15850386 16317073
15949598 16619686
16283268 16069849
16787425 16017514
16809889 16585451
16420911 16275842
16085431 16459690
16106152 16428674
16492397 15918512
16173610 16190031
16079748 16261086
16355746 16543631
16459983 16746711
16835449 16236804
16419334 16364388
16181948 16564606
16341467 16192099
16658916 16651195
16306995 16382068
16032742 16759364
16552088 16357486
16354170 16455709
17042667 16680166
16192328 15953926
16065278 16593083
16500276 16049295
16715092 16674475
16715458 16775310
16639725 16511368
16857077 16158417
16624233 16239581
16215177 16247295
16560799 16150686
16037654 16461047
16693789 16233086
16384594 16538225
16178149 16008226
16587045 15914269
16913026 16300155
16295516 15818686
16332993 16744986
16659576 16751891
16288115 15987675
16002681 16977886
16629892 16047838
16161527 16250161
16579244 16412839
16318715 15951281
15570240 16379516
17065142 16264079
16048891 16040736
16959736 17097100
16488023 16431440
16093306 17072773
15843954 16513974
15859162 16378126
16407051 16717102
15512574 16437285
16166779 16609385
16561553 16306763
16217561 16668724
16180593 16869988
16236501 16676673
16614994 16446241
16678957 16570468
16366304 16131918
16386457 16639556
16057828 16294310
16486124 16706473
17025559 16145631
16523993 16716652
16108130 15971270
17020948 16050207
16525648 16277777
16359770 16438449
16312756 16547730
16486823 16688072
16576096 16288239
16292702 16285744
16415234 16046819
16626068 16315552
16461655 16002415
16066238 16116710
16191807 16456715
15904218 16429189
16745022 16425380
16046486 16117133
17024319 16718027
16293016 16330153
16416016 16727144
16566724 16374657
16198705 16525095
16716709 16433626
16201129 16307172
16518466 16354181
16112656 16096555
16165190 15680301
16663107 16629229
16333405 16503725
17001163 16339166
16184114 16287678
16136374 16797858
16410274 16550423
16903805 16455728
16058254 16868719
16232190 16507403
16394358 16221321
16219389 16501025
17038405 16691759
16497491 16697387
16160149 16849201
16264317 16562626
16672602 16041001
16675713 16636118
16761899 16588280
16519911 16269343
15884013 15823180
16117125 16280097
16599609 16640250
16270892 16331245
16709844 16158610
16695156 16142913
16334232 16666623
16112722 16049549
16436003 16970986
16219990 16377548
16528457 16558396
16378715 16560308
16346072 16217997
16302871 16252433
16335991 16206511
15960400 16214410
16281844 16772420
16851143 15756794
16614405 16321051
16010284 16508445
16478325 16198694
15937104 16714905
16353518 16432599
16402927 16776239
16646227 16288282
16220615 16297945
16083283 16530350
16455822 16318987
15906473 16080198
17019143 16625083
16530211 16308649
16076317 16829815
16623992 16448426
15880789 15916090
16684098 16707021
16416921 16626854
16576124 16530189
16612221 16093545
16419550 16666147
16598508 16158048
16587789 16511392
16073351 16294692
16659655 16928894
16528434 15773105
16304111 16282978
16301428 16246710
16427035 16173848
16671041 16968673
16418862 16423997
16253525 16331987
15661798 16421839
16278338 16620922
16052976 16071766
15869705 16015518
16335641 16056474
16076851 16455899
16064000 16296823
16269734 15876368
16258697 16705458
16072218 16430036
16129920 16138198
16574516 16231444
16452475 16522984
16859858 16401525
16420196 16437087
15904958 16414680
16234464 16022563
16479343 15900883
16711102 17182728
16429300 16120370
16134557 16242077
16902420 16293575
16615010 16758737
16252732 16615729
15929009 16023867
15971947 16323658
16334199 16694465
16625990 16874207
16737611 16766212
16741047 16373647
16038139 16454873
17096017 16262438
16272190 16721651
16462827 16268913
16518853 15930897
15800651 16571936
16275090 16600328
16289812 16490212
16045341 16160378
15858443 16743342
15703362 16162104
16325920 16535328
15999442 16575476
16586966 16045043
15840618 16608637
16576777 16721153
17009383 16772263
16091239 16137459
16135438 16618508
16097749 16152180
16328290 15789702
16080896 16157809
15774178 17131195
16631181 16325021
16288343 16238462
16627038 16292020
16400951 16595837
16740887 16770141
16698505 16666018
16785053 16267144
16448497 16836713
16432568 16624836
16188215 16439002
16593398 15941370
16413957 16368533
16596503 16009438
15680588 16234812
16254203 16090406
16565150 16589515
16419182 16191136
16491957 17058513
16526856 16474090
16579955 17128493
16889251 16897003
16530854 16802197
16597731 15672679
16201930 16369087
16341173 16150247
16687610 16405363
16406967 16722802
16550800 16233860
16287945 16790946
16541833 16316018
16156793 16533572
15862709 16679232
15817639 16285169
16033697 16654518
16409884 16535963
16502579 16678736
16410474 15801822
15758614 16852977
16156039 16260516
16018463 16024918
16400934 16444297
15984377 16245343
15990779 16908881
16345505 16482746
16694475 16290630
16852468 15985220
16405907 16353828
16089629 16432192
16541614 16814069
16304325 16538208
16018847 16627528
16655520 16451481
16237100 16675582
16097454 16148104
16228423 15930815
16263016 16415213
16228970 16798306
17105846 16327826
16106382 15776685
16080962 16394538
16604772 15713354
16566244 16788085
15904119 16137988
16196958 16722746
16239559 16899726
16597832 16420408
16790564 15971769
16632959 16717376
16204019 16660270
16173998 16868844
16657732 16135643
16329660 16875558
16389046 16147509
16103285 16697213
16314146 16995658
16030036 16088811
17078814 15727540
16440373 16566532
16994217 16263716
16214752 16263318
16656978 16356228
15798318 16810093
16262348 15977074
16185007 16388902
16325111 16531908
16066879 15893416
16827560 16305200
16847506 16110759
15908709 16489582
16219513 16246984
16614707 16500040
16716963 15827712
16674937 16169362
16048877 15943153
16464943 16796616
16077537 16200804
16581417 16690919
16101227 16396524
16171007 16545215
16458572 17006207
15846786 16814798
16333077 16498625
16180831 16046328
16833464 16807829
16754040 16546556
15914476 16320657
16516473 16288672
16241268 16299399
16146728 16514458
16047077 16458049
16773942 16294830
16538941 16076376
16340581 15970474
15868179 15966160
16418197 16758585
16110110 16013353
16309085 16853514
16350027 16652855
16683671 16342040
16746310 16541925
16532960 16678895
15548608 16623264
16117803 16394332
16306833 16160373
16477212 16140320
16435041 16505610
16643200 16036364
16222703 15660768
16491540 16718040
16672023 16239885
16545146 16158503
16450421 15671389
16532373 15960017
15626238 15864615
16926990 16766347
16782639 16263303
16949444 16100141
16662016 16368409
15877448 15702915
16422146 17114543
16486799 16521497
16852264 16478955
16302135 16316096
16275725 16526783
15854583 16148289
16087930 16169160
16060342 16055665
16234296 16144046
16483863 16329708
16193260 16624210
16353772 16139643
16319869 16889493
16791013 16514281
16305551 16145901
16680131 16737525
16849372 16442208
16568662 16019543
16282951 17230185
15914590 16642530
16272005 16642798
16035425 16325678
16311375 16212676
16405602 16515615
16411971 16022403
16261932 16389747
16511055 17162251
16569658 16919489
16242709 16257783
16287089 16151805
16117637 16217895
15969951 16418002
15917351 16797529
15870832 16535055
16168918 16203332
16692914 16491329
16997981 15976091
16771864 16463730
15998798 16468774
16139122 16096557
16557486 16322245
16161394 16500525
16350208 16954372
15903431 15730780
16125211 16137687
16617306 16618356
16065502 16649912
16532182 15989519
16673477 16050611
16392182 16691731
16739535 16445791
16540032 16354087
15570094 16459921
16163390 16562441
16264412 16544259
15981801 16633496
16277620 16879703
16346148 16301679
16005694 15935087
16648910 16407417
15934612 16168692
16405404 16308290
16738949 16229575
16433511 16664493
15939273 16527993
16494310 16292976
16552978 16188157
16242363 16722268
16379157 16685300
16470966 16326936
15830209 16570121
16425120 16389730
16195001 16678971
16914491 16022551
15837845 16660246
16512314 16196820
16424513 15924856
16634457 16270200
16106401 16496914
16394857 16509609
16500000 16558493
16308260 16321843
16625098 16544491
16455240 16612832
16836637 16586691
16285603 16707438
16039684 16251552
16486097 16610466
16112956 16506512
16621233 16154638
15912307 16082516
16443908 16114844
16349837 16585838
16157541 16471298
16723712 16468935
16055749 16507923
16127454 16011043
16161734 16876644
16529875 16433452
16621638 16779485
16549252 16262329
16360911 16458803
16794536 16637069
15902552 16345360
16293671 16657228
16285570 16108127
16163525 16364485
16509193 16194230
16562439 16578733
16252611 16387308
16198896 16506070
15842181 16331725
16656638 16425733
16513484 15794671
15874095 16346592
16479378 16927293
16663848 16629813
16598650 16367469
16521909 16317644
15919681 16413697
16638860 16180836
16464576 15784720
16525913 15605663
16347795 16271200
16603641 16100188
16133294 16083787
16760093 16313409
16049051 16013793
15892113 16557369
16118331 16123350
16328963 16677110
15897405 16466406
16426827 16280092
16114034 15483079
16106519 16604022
16668563 16880976
16591391 15732678
16404560 15872569
16180298 16394721
16516741 15952420
16080168 16395370
17208533 15626211
16441253 16251427
16348700 15881835
16291423 16111081
16680192 17043480
16845868 15688287
16514113 16183305
16296902 16065100
16611024 16361640
16465907 16382094
15953713 16698621
16741180 16000929
16433238 16273326
16437417 16175739
16000196 16450411
16368364 16153569
16463720 17308428
16585901 16287325
16708334 15935782
15986861 15840489
16720058 15950267
16362028 16134080
16110712 16175758
16443638 16287371
16643842 16092664
16405462 16167236
16227083 16301746
16592339 16321169
16823160 16478061
16882038 16371044
15897374 15796974
16062857 16421963
16477304 16210929
16322787 16472612
16077443 16354619
16237140 16349623
16299973 16263595
16011347 16854419
16248644 16686024
16399855 16847023
16591758 16100985
16313776 15605187
15662980 16223354
16523873 16428873
16670156 16105614
17006305 16580698
16521501 16397649
16352702 16624570
16245849 16266657
16751093 16034762
16503323 16575543
16711185 16866195
16438585 16180203
16340207 16119235
16400511 16615270
16326978 16127268
15976088 16753005
16434643 16069734
16349771 17030315
16221536 16592480
16436816 17155054
16417435 16858568
16356734 16302618
16498776 16579916
16613995 16359866
16195913 16115628
16918536 15797664
16672828 15751135
16611582 16552092
16660445 16156754
16664591 16848220
15897326 15930380
16173054 16443046
16407639 15955346
16616333 16592718
16307880 16189403
15992139 15989209
15967429 17073548
16517184 16724286
16009538 16419160
16271128 16162878
16492295 16420376
15848575 16281952
16351416 16477796
16851758 16166826
16906557 16639289
16254476 16238002
15405845 16616773
16166831 16416339
16396606 16081206
16233210 15696926
16651875 16432050
16122538 16343577
16180521 16111517
16675182 16253636
15966347 16928713
16396812 15872242
15641357 16752332
15980331 16095093
16631702 16621451
15651754 16204060
17078496 16485525
16218716 16455779
16556434 15728861
16448974 16246876
16401543 16283402
17068267 16440188
15942793 16108021
16369247 16710824
16040980 16266290
16666874 16332466
16893485 16371870
16401229 16405549
15740328 16062967
16527432 16449549
16563431 16607976
16878222 16172255
16455406 16547401
16229644 16715146
16203363 16183014
16495190 16786614
16422439 16562012
16696643 16266545
16376025 16298621
16371834 16140723
16531788 16423692
16459448 16239868
16759362 16452545
16448259 16255442
16264804 17268560
15818691 16394992
16375918 16535714
16828383 16431896
16413533 16267866
16254502 16655612
16378279 16471861
16600374 16233321
16328249 16032266
16134121 16388411
16706475 16250248
16294147 16730376
16276724 16321611
15954707 16172459
16907440 16613712
16210191 16339394
16330139 16338757
15951283 16259122
16462466 16011491
16092043 16950173
16821772 16498901
16620952 16473826
16556850 16333315
16371321 16094358
16675995 16234251
16036086 16314280
16311544 16421575
16824249 15596240
16553710 16189428
16037306 16916632
16452971 16462147
16571778 16591888
16100148 16058759
16302546 16336831
16855780 16509782
16274825 16645759
16074590 17240475
16345967 16333589
16673588 16455454
16430607 16336928
16384349 16479847
16173172 16044157
15977586 16648831
16160002 16735992
16314205 15437299
16117425 16375311
16510118 15801241
16779350 16750785
16787244 16199184
16282745 16398816
16540086 16916544
16360969 16141277
16334560 16886987
16314268 16169387
16302483 16576150
16712734 15977973
16239757 16506946
16152113 16561062
15999602 16374937
16234661 15824209
16147979 16752214
15769131 16252363
16751146 16203816
16734592 15898591
16556417 16334088
16547209 16510505
16432824 16772994
16219345 16190320
16094406 16290395
16263743 17029796
16754253 16498809
16496761 16262729
16832007 16053348
16792144 16128319
15984323 16124178
16917138 16498223
16972603 16791852
15778790 15630329
16356889 16949062
16175390 16427352
16128566 16397917
16669918 16573675
16566864 16472384
16570879 16760198
16697648 15975001
16292651 16424416
16324975 16452784
16700238 16240856
16195070 16331504
16487651 16154931
16488813 16453597
16765680 17021310
16363185 16342566
16637968 16409734
15949922 16562355
16543480 16108825
16322896 16095777
16978578 16489997
16385083 16244007
16301430 16736756
16407500 16399513
16106113 16057260
16339792 16536677
16174565 16426045
16260053 16811484
16444273 17021559
16019754 16501162
16344839 16646281
16289206 15823529
16329594 16185610
16288889 16593751
16155478 16156372
16181310 16064173
16390536 16247925
15956884 16328576
16447693 16567523
16417118 16654406
15895483 16591548
16323656 16661476
15867211 16771301
16625449 16715034
16472105 15911419
16723119 16549563
16140053 16281802
15943587 16055148
16340140 16441370
16718523 16653818
16468971 16611976
16359600 16351532
16897899 15926040
16397417 16783283
16318939 16653385
16683126 15807551
16266799 16206061
16273335 16550338
16727829 16444400
16837836 15968976
15943479 16795588
16532121 16288310
16439663 16678767
16583641 15989425
16375906 17110428
16442178 16199442
16099039 16870604
16008089 16103956
16865196 15747087
16910218 16584287
16874863 16403002
16607720 15990466
16679710 16414105
16221547 16891377
15971128 16297296
16733418 16211657
15906993 16757753
16528115 15946777
16358943 16165992
15522432 16707687
15683175 16914746
16705075 16443013
15963188 16604518
16371899 16533824
16161348 16497543
16119043 16747364
16575345 16045634
16649642 15859604
16413257 16461955
16725380 16537760
16972225 16362775
16344903 16623939
16690301 16486025
16645549 16114758
16356654 16644056
16331655 16473180
16588484 17001333
16163735 16335969
16094183 16436307
16435296 16002790
16195417 16473407
16481517 15732427
16010163 16466134
16579580 15709916
16810981 16873975
16277520 16341404
16487066 16313142
16229391 16288274
16556717 16439171
16589503 16661217
16170680 16474504
16160478 16039637
16273806 16485388
16423716 16304255
16328189 16464316
16001613 15854312
16443028 16035167
17209492 16129630
16255443 16266364
16262227 16234451
16404910 16057558
16564470 15760856
16279505 16649017
16941377 15932230
16125644 16425529
15816663 16161424
16837021 16811169
15931286 16148162
15989475 16567599
16446238 16173706
16688493 16971442
16055612 16707680
16493558 16473062
16230590 16048990
15675681 16037742
15878218 16158287
16660432 16720929
16453327 16432011
16622251 16555189
16420556 15865387
16233621 16514050
16628534 16623824
16027679 16514252
16639660 16801346
16070717 16136619
16663564 16613679
16715658 15936874
16639486 15940741
16373945 16036569
16236357 16423648
16660160 16254140
16523957 16549603
16329779 16072131
15876836 15911802
16554990 16636070
16396996 16716669
16107679 16461888
16311533 16607589
16274687 16613189
16297002 16234552
16597990 16703601
16399184 16304753
16316438 16436881
16000281 16337658
16364556 16262218
16374846 15975583
16390866 16030833
16266086 16130555
16690990 16634316
16997737 16363004
16602018 16465650
15985923 16323358
16304911 16695002
16667916 16473186
16037952 16059431
16803863 16282745
16752103 15909289
16013575 16000532
16801482 15948280
16464537 16686049
16465327 16101391
17268584 16146630
16571718 16350850
16382579 16179081
16957529 16670729
16375363 16278199
16173460 16043920
16727467 16717130
16825307 16394199
16092033 16646588
16300511 16425832
15997533 16683796
17090130 16375092
16129317 16618481
16663553 16797665
16492173 16625447
16709039 16143920
16328986 16445285
17137185 16755445
17102812 16400222
16310258 15952080
16795045 15952355
16186885 15731379
16819400 16423340
16587524 16247590
16582743 16275852
16406993 16270606
16302852 16552993
16858405 16462617
16385930 16553044
16099236 16265238
16476318 15959241
15916052 16750270
16603429 16347188
16842045 16064962
16034757 16564615
16879086 16182271
15962917 16696141
16216274 16347158
16294425 16097394
16640163 16451813
16173975 16901017
15800381 16707853
16540160 16447368
16548431 16368474
16881768 16787209
16419216 16284331
16187715 16686302
16511207 16707994
16158601 15917969
16734932 16573188
16848371 16377378
16435780 17099132
16303909 16019283
16982531 16547808
16463366 16066995
16196759 16417009
16667927 16556059
16086265 15968128
16447326 16923989
16356820 16027155
16600982 16763917
17033716 16658342
15626325 16152350
16331759 16377573
15912022 16337217
15963841 16379514
15775357 16624931
16258301 16572755
16507289 15986060
16322918 16595459
16834601 16397624
16731863 15913827
16327982 15929067
16281630 15689788
16450343 16835966
16283579 16356131
16297240 15958919
16500904 16437000
15971741 16749534
16950657 15988388
16486278 15802695
17150218 16335984
15961483 16422528
16346657 16536458
16278100 16956969
16203605 16359091
16457923 16368420
16213926 16810053
15907713 16855071
16714139 16790354
17040732 16216059
16754702 16437903
16068879 16305507
16688567 16865463
16306535 16315143
16434529 16294020
16111883 16444339
16525767 16704706
16161480 15835679
16864666 16105522
16632173 15917360
16165806 16133501
16480149 16372599
16543413 16320356
16259113 16384964
16105858 16517344
17006036 16866536
16262844 16272472
16145248 16230801
16580894 16436444
16139142 16618623
15995811 16704746
16001293 16656528
15925451 16338805
16146049 16601158
17124224 15509299
16357100 16340624
16012884 16443076
16606460 16180793
15918126 16148752
16038746 16386497
16259000 16443552
16313541 16657458
16282580 16613499
15969303 16128034
16145156 16526162
16354290 16775276
16257090 16597961
15990582 16177052
16463424 15959182
16341148 16588989
16338849 16025727
16468695 16391759
16629596 15649399
16443559 15629095
16926705 15901953
16622788 16728591
16550994 16274177
16503294 16276958
16682808 16379665
16720676 16783631
16364348 16446503
16362191 16785067
16694092 16334040
16440291 16152888
16009763 16516105
16845066 16323473
16179775 16507990
16377117 15939711
16377527 16210049
16188072 16126623
16259656 16759653
16471194 16887013
16260960 16336802
16526743 16839137
16218364 16226310
16007311 16460910
16157133 16820072
16556052 16418628
16258216 15945827
16105210 16387365
16038957 16338385
16183267 15935700
16483128 16267877
15656348 16262403
16665735 16290019
16397085 16559229
16505537 16264188
16861906 16697859
16535716 16402065
16547753 16672851
16429355 16317263
16024676 16241185
16604873 16008439
16149422 16364083
16456820 16580177
16394326 15799152
15895740 16409110
16190763 15949921
16495261 16354016
16207025 16311277
16838835 16741291
16218599 16173225
16091570 16414508
16451457 16685440
16523381 16371725
16533521 15909141
15775636 16718086
16314004 16779847
16364047 16338173
16813485 16359327
16568976 16369291
16521253 16419864
16530374 16531597
15786142 16661092
17002580 16242118
16718357 16282902
16700200 16122079
16111377 16508725
15968010 16653480
16779865 16948041
16551571 16507839
15861448 16514102
16288927 16052491
16219943 15946929
16516050 16138065
16221697 16273249
16037647 16460074
16485975 16774952
16763133 16640387
16509601 16365261
16170109 16128769
16207304 16341191
15823905 15939695
16173730 16255009
16134847 15866990
16372669 16338859
16620317 16450018
16595973 16325068
16232420 16679792
16496149 16658817
16372714 16456713
16635084 16040307
16959997 16459323
16157397 16405645
16233655 16669916
16231166 16110944
16389866 15817376
16574459 17108674
16634721 16161334
16569485 16558971
16264398 16414368
16016266 17053228
16238043 16984673
16508813 16587163
16294275 16371778
16356207 17113274
16065119 16868134
15956450 16053763
16485170 16301467
16911791 16589920
16252618 16587403
16490922 16324216
16285656 16454833
16902260 16422701
16609543 16393875
16676067 16077105
16553278 16198452
16300444 16830248
16224053 16538969
16943477 16022509
17031593 16635772
16750357 16785970
16150333 16127132
16414064 16575695
16448228 16674660
15931132 16475793
16820015 16392856
16240320 16448008
16840449 16402665
16174941 16445937
16534800 16276799
16132986 16021804
16444437 16726580
16537098 16095880
16283355 16915066
16327079 16269466
16216064 15603958
16531753 16496188
16464495 16822393
16205636 16655893
16357604 16989056
17049266 16292623
16690673 16676126
15774267 16351176
16350361 16086966
16358574 16457508
16279411 16432703
16251025 16688045
16593235 16458632
16496868 16881729
15727821 16507430
16527469 16148400
16960721 16356599
16355757 16276613
16581632 16365228
16871298 16523705
17130819 16785940
16530603 16171520
16552755 16028128
16043015 16689167
16421015 16359648
16273453 16195220
16007231 16271804
16374770 16207994
16311491 15886137
17064481 16435293
16785706 16626746
16561502 16412916
17102839 16599886
16386141 16094516
16370673 16033620
16379423 16441277
16637959 15803124
16767262 16341833
16176824 16054536
16096317 16642727
16265974 16041046
16181805 16642181
16406396 15990656
16078276 17072043
16615110 16385372
16372163 16788183
16901092 16650388
16363715 16571595
16380320 16268285
16491935 15753308
16814680 16646726
15680256 16605217
16353573 16629330
16448466 16279298
16513189 16296604
16065247 16867219
17294252 16310834
16345762 16389319
16166100 16670636
16377335 16265530
15963931 16088507
16025512 16564147
16762127 16349005
15868551 16296709
16431462 16672504
16181550 15941060
16078590 16533404
16019057 16392928
16244905 16577512
16262408 16180487
16513267 16328342
16539588 16805599
16261853 16710257
16470355 16223070
16531663 16247371
15993999 16606506
16520641 16634015
16253961 15992579
16598152 16541809
16288422 16636803
16076730 16501897
16175916 16002460
16325163 16578407
16412711 15738874
16672386 16532463
15914129 16340340
15882153 16182501
16438039 16425127
16478279 16583946
16326275 16208999
15930143 16260884
16304489 16751482
16188137 16580039
16598727 15827063
15622758 17097715
16640303 16379496
15938673 15985730
16474976 16265163
16767906 16453988
16173121 16281455
16259803 15478354
16124543 16201799
16127151 16448922
15465677 16839864
16600088 16849415
17355265 16740310
16163764 16580187
16293062 16045124
16408148 16516454
16437209 16297088
16654006 16247267
16432659 16737191
16574327 16664178
16128534 16270463
16292735 16913901
16512722 16906593
16711027 16233221
16467658 16551273
16429109 16603288
15850733 16018228
16266838 16064877
16083925 16342416
16282314 16222228
16615022 16551716
16820270 16377690
16490327 16124643
16251191 16742927
15665496 16956258
15952084 16571134
16054074 15919951
16439713 16188617
16612257 16762255
16682610 16601653
16517497 16307447
16263673 16350741
16347998 16614405
16330484 16720673
16641039 16588226
16416818 17021972
16549485 16174245
15851636 16425918
16397617 16554896
16642629 16618682
16599822 16774497
16365728 15575533
16644773 16491686
16160344 16309777
16110661 16666081
16026558 16142963
16387800 16024101
15953387 16597045
16138048 16397809
16326463 16306875
15872060 16075757
16030347 16293088
16059520 16156393
16202334 17305963
16211646 15960476
16431553 15860461
16355778 16438994
16069435 16163955
16511081 16339263
16130443 16386168
16622913 16857999
16637849 16851416
16038716 16431279
16164899 16860013
16293076 16436040
16225726 16588730
16520471 16373266
16884563 16697784
16469658 16554971
16821124 16102428
16536631 16727907
16673048 16298333
16552096 16106346
16611047 15496346
16305787 16222865
16207758 16683160
16431276 16340920
16403959 16742322
16767451 16633232
16231601 16252152
16751845 16707320
16189086 16667421
15846496 16228003
16701040 16682204
16552762 16555830
16348923 16620772
16088088 16290686
16655079 16274980
16314792 15892033
16413938 16378687
16105185 16761419
16639990 16707282
16387666 16261701
16373395 16470976
16673503 16040176
16317353 16608498
16269105 16359707
16675290 16772312
16176642 16917893
16561139 16377460
16439850 16355554
16489665 16075854
15881832 16385547
16541438 16314696
16233790 16156566
16100722 16025637
16105910 15956064
16411310 16491408
15869587 16653104
16382366 16823915
16084565 16716446
16192755 16683828
16581606 16114073
16799622 17198323
17084940 16444102
16694246 16143966
16261996 16576770
16391422 16237078
16376544 16324311
16528772 16712399
16276267 16211774
16359457 16337775
16307956 16657618
16766913 16494274
15991045 16171605
15873784 16555848
16475159 16499354
16447647 16478214
16214775 16396409
16463744 16667509
15818862 16346734
16674353 16407706
16117538 16400241
16086942 16121370
16523744 16565793
16715391 16583354
16900973 16418119
16469331 15938869
16055952 16342959
16232245 16257079
16031198 16947201
16158435 15961756
16206915 16273706
16754365 16155412
16282722 16256432
16093654 16588906
16638242 16003198
16239321 16021842
16203061 17103933
16133257 16679069
16388934 15897533
16019867 16746749
16076311 15694266
16659683 16074025
16431217 17043684
16412955 16173066
16874788 15768595
16285928 16090155
16721620 16727535
16424728 16403580
15769670 15923537
16246433 16176025
16004179 16101603
16470493 16723035
16321956 16426846
16202733 16468346
16463606 17268668
16473916 15899440
16333946 16373457
16677800 16090316
16302218 16391506
16275017 16490174
16862835 15666544
15827024 16479180
16484645 16212482
16534629 15855232
16708421 16266652
16313672 16603606
15921080 16548670
16512460 16474224
16498944 16197021
16079010 16813347
15927830 15914840
16214177 15911545
16371116 15807266
16537726 16769920
16379492 16397278
16169711 16253627
15970100 16036962
16351924 16331511
17052326 15986479
16712329 16113417
16186268 16318265
16444728 16470464
16379101 16736013
16274843 16233878
16632052 16443819
16363069 16323997
16626395 16079269
16304645 16407634
16297292 16533979
16079785 16652991
15971571 16578031
16296230 16203341
16053668 15764341
16245931 16333498
16795343 16084763
16413212 16388708
16827154 16307091
16063486 16492634
16540992 16108478
16715061 16269125
16189478 16435773
16502895 15890931
16377455 16064985
16011385 16472848
16489186 16221498
16570382 15975799
16523318 17139506
16454112 17071067
16437574 16620195
15861956 16425196
16181411 16093716
16131953 16693094
16253249 16130144
16693417 16818758
16651719 16275536
16770850 16032758
15630583 16100499
16334237 16801658
16645527 16183283
16197373 16406366
16131685 16307516
15953369 16445075
16152051 16412413
16825613 16443327
16631625 16166950
17145650 16508311
16536849 16083835
16678700 16313076
16529913 16831360
16000936 16046700
16543927 16448320
16663427 16578301
16110646 16504140
15949124 16802645
16490249 16888960
16900067 15737379
15625236 16272238
16815637 16455177
16725525 16330012
16296563 16515569
16177081 17091596
16164859 16451754
16059335 16448270
16578870 16690377
16149734 16248053
15591687 16535860
16315892 16331921
16687657 16005242
16089542 16630876
16330563 16450959
16337640 16346986
16284465 16694038
16444486 16115758
16830650 16530413
16769163 16957837
16374365 16337577
16220803 15953502
16032542 16583198
16190666 16433451
16422353 16612628
16718404 16444656
16350423 16778802
16328090 16090165
16122680 15853647
16746935 16742885
16790419 16959032
16220468 16523427
15759571 16261771
16525020 16526149
16096650 16343064
16807271 16264312
16698519 16236963
16435075 16979720
16781492 16378341
16373823 16104881
16241804 16472976
15942143 16274228
15852257 15890828
16809900 16312911
16279207 16516738
16215057 16709047
16083548 15967528
16040401 16369722
16242915 16504922
16063428 16553137
15957213 15893188
16381104 16608687
16515391 16049922
16197409 16565784
15888547 15968276
16346634 16380035
16463302 16631974
16278576 16064470
16718709 16165743
16843801 16574132
16469081 16487197
16132293 16660478
16634726 16261784
16649431 15951429
15768393 15883385
15977236 16983167
16281258 16622501
17096229 16155992
16414779 17021645
16654599 16776038
16204511 16270504
16993858 16341424
16955745 16499719
16482448 16634565
16295512 15965058
16134873 16578936
16266409 16682501
16465886 16662674
16084713 17022547
16376364 16218803
16171017 16199417
16397523 16276147
16085673 16663290
16462386 16348000
16855467 16399597
16790847 16332605
16353179 16007071
15956181 16087364
16605017 16305586
16488312 16477255
16221099 16075279
16387094 16294584
16490285 16774999
15970634 16256906
16006343 16021615
16892413 16254311
16271162 16601078
16275664 16070462
16812326 16408759
16019605 16299933
16690520 16444786
16573436 16841049
16727713 16914638
16018882 16863040
16525231 15820235
16165066 16346097
16134958 16299761
15994786 16146986
16616469 16436997
16186673 16262370
16497924 16044271
16624668 16746139
16134326 16662327
16496433 16235063
15970811 15989970
16685379 16634458
16051080 16305257
16362742 16335339
16410640 16601230
15969565 16243614
15536740 16845891
16659551 16732691
16135494 16147024
15809937 16136228
16644989 16618788
16327518 16941184
15855527 16435144
15900848 16023053
16481453 16121061
16273412 16081804
16411941 16029502
15772770 16892811
16477186 16308608
16093283 16715991
16548827 16344731
16594620 16981565
16883585 16531749
16595539 16522902
16157108 16763865
16324042 16295023
16543004 16828809
16425969 16753325
16372895 16571659
16293767 16215036
16100075 15894765
16065341 16036651
15874736 16822316
16394716 15731445
16756441 16127285
16289340 16606763
15798787 16702212
16321242 16619356
16011014 16680034
16169649 16404850
16593006 16544743
15866003 16033579
16605493 16739437
16383736 16812831
15985655 15863969
16394439 16240706
16432024 16573277
16036032 16296258
16074577 16552367
16591075 16430108
15793987 16787007
16761280 16487060
16657895 16296252
16369365 16523449
16209398 16430450
16214709 16820627
16276059 16401800
16105498 16504731
16055717 16725043
16464373 16364966
16507571 16268391
16657132 16166563
16321570 15825078
16270770 16518399
16440541 16540652
16194846 16350146
16258968 16373957
16262103 15893912
16310028 16257561
16264359 16356605
16266755 16067224
16738905 17134858
16056094 16162036
16379792 15978637
16481593 16368630
16953155 16626133
16470790 16505434
16841712 16352260
16122722 16415471
16451726 16060853
16871639 16294031
15820718 16516540
16244322 16098748
16124989 15755957
15986338 15942986
16632029 16329627
15901762 16718342
16568402 16585477
16409143 15998650
15775091 16501653
16345885 16952841
16083665 16441405
16245187 16122565
15975259 16366541
16599264 15841194
16314809 16230600
16057137 16205694
16451743 16536110
16307081 16157937
16448250 16204404
16243876 16892648
16817010 16344199
15933706 16155629
16030920 16778044
16221123 16337634
16257431 15943979
16598925 16708243
16673997 16105781
16617198 16201092
16253203 16045549
16604361 16854714
16613708 16470591
16815079 16341209
16252940 16244957
16152320 16387755
16281639 16616585
16754899 16583368
16589927 15810546
15871003 16377901
16371556 16467422
16147371 16294254
16319520 16402731
16355886 17109321
16725277 16471148
16603733 16380575
16692531 16241290
16039698 16179244
16234308 16682507
16294656 16733329
16240068 16069109
16763107 16231086
15952826 16435427
16601985 16424229
16278485 16399781
16434591 16303812
16214160 16276213
16646657 16425558
15764740 16567160
16403265 16419459
16368632 15899153
16106559 16300602
16670664 16101732
16773039 16796663
16716682 16538711
16527465 16071345
16609764 16205176
16599345 16376068
16510365 16480187
16702619 16349656
15980891 16211395
15920502 16555978
16279574 16302649
16539282 16240031
16362599 16601111
16380594 16637486
15735020 16126454
15977603 16092175
15990935 16708263
16346820 16314928
16291389 16235744
15907915 15895333
16149597 16554840
15988682 16167364
16152050 16062696
16040964 16818394
16582014 16523344
16425920 16544546
16174573 16546831
16611747 15999834
16605701 16176941
16812165 16354337
15840359 16268399
17101615 16279636
16160763 16750171
16301104 16110257
16400191 16101329
16369285 16107017
16071991 16102299
16962763 15998198
16319636 16493672
17172955 16781909
16246786 15828228
16181321 16498915
16292404 16615475
16962312 16425798
16231950 16375969
16682167 16782448
16094805 16226586
16365583 16338671
16131478 16129103
16209904 16805272
16355020 16463135
16994082 16313150
16114802 16879165
16375854 16392826
16062865 15708758
16231943 16240178
16875713 16682044
16530256 16091420
16108763 16606898
16739021 17026487
16453772 16870525
16744269 16545562
16236170 16558134
16653172 16433170
15837603 16254147
16695859 15876854
16680080 16665800
16504339 16153300
16146981 16657198
16685558 16990817
16332029 16263853
16003213 16241751
16666628 16594402
16030885 16534381
16475614 16029593
16597244 16097922
16320830 16186010
16769083 16462915
16428308 16804275
16620868 17316693
15803374 16404366
16743095 16405129
15999160 16479974
16604019 16446679
16070161 16485019
16155160 16481439
16406214 16618834
16585071 16459000
16209308 16122317
16747613 16147797
16227052 16373112
16523689 16357498
16124722 16592798
16370612 16015888
16899466 16661858
16302356 16028885
16743616 16744869
16325813 16507738
16921436 15785760
16636183 16310390
16362582 16423083
16077119 16809716
16839257 16011467
16760805 16028032
16773171 15993466
16433060 16206580
16347254 16033893
16239414 16662028
16490016 16411958
16563582 16342385
16253891 16219099
16535882 16382958
16780325 16045800
16195866 16698431
15991326 16572724
15575022 16212261
16781439 16276872
16138310 16919935
16564674 16313979
16229675 16253911
16679145 16455419
16871726 16324374
16423050 16103874
16391978 16022002
16692074 16324940
16746956 16359216
16637035 15685809
16378821 16734574
16252438 17463990
16801783 16636811
16573294 15983030
16408834 16332860
16299772 16273599
16140733 16286616
16542342 16209122
15707286 16757752
16363981 16227640
16501153 16421610
16353604 17014126
16632895 16763689
16757694 16527435
15935281 16148321
15815676 16584865
16493908 16142959
16477347 16406792
16650560 16602877
16638071 15926380
16737731 16949217
16544365 16018809
16391595 16562115
16401652 15683313
17042343 16058719
16341779 16565145
16507515 16867243
16357197 16270895
16200957 16147758
16727188 16429381
16741814 16262346
16510366 16498656
16906133 16419095
16198921 16256178
15625570 16407801
16178625 16126560
16935328 16468759
16630353 16591785
16211796 16080479
16907700 15438701
16883994 16351557
16650920 16606278
16212424 16350925
16245706 16390429
16004074 15958435
16561101 16551073
16779920 16094315
16229771 16251276
16693303 16327199
16563165 16186013
16215987 15562042
16243029 16681608
16434128 16431287
16662736 16614435
16099169 16054083
16028909 16261688
16248040 16489344
16242846 15761251
16795498 16150614
16510588 16062087
16468328 16097416
16619881 16368208
16573893 16070284
16776193 16104851
16314182 16194940
16259338 16851679
16160906 16523284
17198368 16577670
16279748 15920528
16054015 16545220
15958667 16583299
16677732 16019240
16341009 16100609
16159977 16225122
16036915 16725929
15941218 16217397
16368019 16510288
16110187 16648041
16354052 16773299
16387027 16456875
16841549 16368780
16024980 16508875
16243982 16239504
16235034 16448389
16571144 16500899
15631441 16140952
16285751 16408174
16359164 16885691
16398094 15994799
16131271 16139698
16239233 16498487
15896702 16168800
16278819 16920503
16366835 16772951
16683500 15991759
16278695 16367736
16169848 16432758
15704735 16276825
16690304 16761441
16871818 16505058
16158684 16372287
16362489 15934908
16445474 16224453
16092397 16029377
16234580 16384218
16101124 16473726
16298783 16352531
16289036 16027626
16354094 16408656
17072551 16555453
16206626 16495955
16435151 16734849
16244207 15926987
16251402 16415043
16322137 16725888
16388898 16518286
16418554 16452115
16477680 16615229
16732848 16490857
16270657 16104460
16276507 16515148
16987035 16670112
16248351 16091473
16692226 16744156
16626534 16613222
16130284 16847490
16398030 16352562
16299330 16083731
16114409 16194939
16681948 16563090
15827598 16067302
15998791 16422608
16892038 15790166
16173680 15757109
16197491 16519283
16783293 16818740
15961637 16102054
16532244 16808845
16567301 16287040
16516130 16801312
16256224 16194184
16371066 16405690
16249714 16657717
16806384 16501289
15991396 16898055
16819277 16353568
16358587 16946643
17037107 15973444
16024822 15909176
16407908 16084628
16408037 16520458
16624086 16026282
16099940 16296957
16551685 16046916
16141572 15991003
16031703 16059185
16976052 16379509
16076531 16852265
16285731 16461679
15953724 16454608
16463331 16735903
16167778 16327185
15830254 16512680
16297488 16513693
16664593 16732769
16208408 16558139
16157118 16100467
16675376 15996297
16667897 16850893
15941938 16518520
16190574 16426728
16404969 16398999
16708321 15998158
16586465 16525269
16558845 16595992
16409313 16203740
16725932 16260984
16509120 16305511
15924111 16302552
16595791 16186181
16759123 16219606
16469283 16765972
16585690 16453190
16740635 16237243
15928826 16846304
16669146 16257526
16452143 15988574
16357959 15854683
16698248 16328072
15836422 16506091
16675946 16405293
16076021 16698941
16615376 16358095
16008353 16223016
16410756 16611186
16326378 16367161
16374046 17220572
16764572 16020069
16383100 16726668
15771204 16290382
15947084 16447072
16406752 16443605
16238177 16577052
16644375 16490656
16192106 16156821
16185774 17286251
16407604 16479341
15810315 15869550
16633972 16041678
16538392 16733142
15800176 15751399
16171926 16656213
16720908 16340547
16941835 16204661
16134397 16421333
15893567 15739669
17291582 15973955
16781853 16007395
15537997 16117315
16439077 16664498
16369165 16749734
16244299 16081483
16392237 16352280
15995466 16225106
16367749 16117600
16498076 16235933
16228816 16214340
16124752 16327632
15900339 16376953
16352823 16443588
17052640 16947367
16355113 16627296
16583175 16649662
15759839 15787714
16415196 16945172
16018280 15883760
16741874 16558724
16451274 16504417
16699706 16271268
16240288 16116471
16105041 16102002
16557466 16160377
16568319 16651647
16567975 16561081
16775445 16350077
16182368 16317776
17140776 16305996
15958432 15765009
16628777 16473025
16937240 16277691
16686018 16272227
16285057 15683606
16489887 16230709
15944107 16160468
16618674 16406624
16338898 16069537
16726426 16026655
16184732 16551215
16212471 16525294
16409368 16421875
16671572 15683216
16077582 16194275
16459900 16384650
16998409 16635043
16972828 16721599
16155908 16241681
16451866 16317937
16522411 16321479
16046624 16689891
15917510 16666269
16570864 16658506
15986412 16404308
15717185 16904424
16170779 16490629
16347350 16363409
16461025 16430395
16334219 16322283
16020228 16539631
16622581 16486826
16690274 16307066
16576247 16620226
16110514 16360133
15812897 16706760
16270240 16433212
15842673 16329345
16922374 16449259
16332420 16373428
16173193 16421246
15892270 16700457
16446189 16058992
16499240 16246177
16290054 16506075
16255506 16461245
16375162 16767876
16302547 16265044
16184116 16496846
16233485 16305433
16534717 16615369
16288679 16337385
16631039 15907608
16208689 17090697
16160409 16491913
16315804 16337803
16309364 16054718
16203144 16332224
15929643 15583923
16143786 16828911
16158603 16452343
16074991 15739626
16290399 16387384
16482803 16702289
16266311 15696987
16501644 16563690
16445488 16155446
16273518 16061828
16621747 16612426
15932240 16057565
16285845 16663195
16226053 16944812
16231092 16353440
16584273 16356802
16521670 16474434
16165817 16309435
16263300 16727893
16611900 16647802
15896973 16348525
16639149 16618939
16412619 16070259
16889214 16444691
16399850 16258295
16390043 16600957
16537291 16291277
16572317 16250112
15980023 16358080
16523333 16135016
15580637 16642373
15987716 16387267
15945293 16401427
15801826 16702374
16022040 16293359
16433255 16276251
15897621 16148882
16211541 15902111
16600784 16150956
15719056 16528911
16366910 16539941
16316373 16901956
16011738 15975078
16341180 16937922
16146353 16122089
16613420 16152194
15898967 16410298
16797899 16575027
16519594 16522968
16518492 16230740
16300887 16069639
16210103 15658754
16935175 15962343
16201079 15980033
16108954 16515162
16057996 16472235
16415678 16395526
16715397 16601617
16410187 16327127
16412733 16284904
16900058 16075131
16559723 15954917
16915289 16641686
16362465 16331198
16395114 16333814
15936331 15962461
16220865 16759904
16568161 16502120
16577613 16636577
16325379 16482427
16036515 16474467
16609484 16885114
16011426 16186216
17142685 16062284
16761080 16462716
16393755 16715873
16569951 16151645
16526095 16362429
16434092 16582849
15959370 16311271
15866780 16227204
16447362 16094148
16634039 16627509
16262275 15922703
16397829 16107188
16518878 16131449
16449093 16880849
16095605 16260325
16366588 16436245
16484104 15873744
16474639 15726458
16546408 15838781
15713098 17072543
16381475 16063977
16912973 16037218
16375080 16580722
16703990 16760141
16314924 16199818
16557317 16327776
16209874 16869659
16002594 15652138
16126222 16467182
16396311 16259702
16121971 16203396
16661917 15867667
16771286 16134370
16664961 16707034
15756547 16307841
16295564 16216393
16551823 16370278
16516965 16249937
16626537 15796022
16416470 16130460
16653125 16279478
16089002 16548838
16574886 16459426
16440479 16352778
15901091 16244387
16566356 16151201
16852479 16288409
16962986 15824035
16365845 16745776
16545614 16651924
15957495 17172791
16580643 16499544
16611160 16298335
16556760 16631202
16713715 16545915
16478748 16730170
16282241 16234811
16343217 16504287
16275926 16494168
16433504 16734527
15876267 16151223
16566009 16391477
16877989 16285929
16811036 15649899
16381839 16069593
16346003 16380342
16592228 16401958
16240692 16152512
16231804 16306858
16409769 16099649
16472825 16602136
15973296 16363831
15956036 16688441
16205870 16194078
16328807 16613525
16178333 16436965
16543237 16253239
16231411 16030231
16919501 15737295
16500982 15836833
16393370 16104708
16000556 16678699
16055041 16289175
15898264 16092821
16167423 16592477
16108756 16162661
16788554 16685569
16374716 15981716
16001887 16561622
16502994 16274776
15867181 15937074
16017089 16591280
16648734 16643921
16509274 16354399
16706804 16229379
17007394 16400363
16457832 16099096
15679232 16541504
16572233 16339809
16549818 16975088
16106603 16800604
16328667 16743416
16304735 16732693
16271963 15994609
16534533 16984591
15825394 17162420
16221207 16004641
16425246 16348133
15895903 16263453
16190195 15969093
16671348 15832471
16147000 16632234
15719995 16412298
16298316 16642489
16333669 16156289
16147257 16492099
16618704 16715868
16564907 16173590
15787294 16129739
16448116 16752600
16320282 16688282
16487735 16304729
16069996 16249985
15695319 16862284
15895265 16564536
16580356 16255108
16417382 16391569
16335724 16499102
16545397 16251970
15881679 16358023
15835634 16326948
16324075 16523171
16346025 16248799
16717448 16378421
15581656 16248060
16375587 15850613
16196991 16753414
16028284 16265520
15690029 16579827
15708968 16351983
16400328 16434534
16557098 16108713
16563167 16557849
16492589 16214301
16961630 16297179
16605667 16421587
16142318 16499021
16602107 16540883
16444781 16166757
16441705 16472495
16366433 16163288
15912119 16567362
16460996 16065356
16365774 16643873
16127051 16490092
15607913 16086353
16589963 15949339
16776763 16433489
16412809 15928619
16841989 16233970
16804552 15578675
16271216 16158217
16410157 16630806
16736347 16540772
16553332 15499621
16329366 16135042
16157505 16259345
16181430 16701038
16530035 16389569
16235938 16353184
16315858 16343631
16821252 15917569
16412631 16337236
15963814 16113761
16071567 16381343
16007210 16538961
16108484 16347646
16632688 16126916
16642783 16787732
16857890 16457290
16606179 16213433
16806443 16545740
16429425 16143035
16298787 16120553
16207478 16284344
16425175 16212602
16616834 15943802
16530944 16402734
16425331 16287438
16493004 16293125
16638058 16544188
16277272 16675554
16375804 16444871
16458701 16545226
16347247 16475220
16356003 16177333
16931951 16496677
16262747 16592415
16141996 16428001
16202177 16148710
16732678 16278113
16615336 16145335
16240934 16113257
16231080 16660859
16881326 16679558
15900060 16782551
16436633 16093611
16333610 15851643
16253073 16461472
16989739 15757118
15800916 16407524
16859465 16446408
16213385 16546939
16105319 16023814
16256286 16143111
16487180 16484783
16391079 15925841
16611126 16244838
16120840 16485632
16320144 16594904
16447739 16176652
16366511 16524016
16235822 16162820
16249240 16127097
16733042 16059807
16048861 16310020
16295526 16359875
16820817 16725365
16318708 16531254
16073400 16427628
16420314 16197758
16156348 16265423
15718313 16056497
15937835 16456516
16370015 16239148
16407770 16948393
15478173 16345061
16548935 16500620
16396072 16555190
16482926 16781008
16767137 16648999
16749086 16041272
16356600 17053215
16666065 16489820
16461511 16777282
16461939 16198185
16657522 16520370
16178784 16287270
16866639 16201079
16092323 16496926
16487857 16854358
16607160 16331938
16234564 16578337
16384630 16687957
16025542 16379307
15978373 16453691
16590620 16272267
16785817 16704986
16586959 16558980
16690085 16510708
16203721 16222348
16449609 16537208
16506545 15908131
16847424 16557799
16783444 16221230
16036954 16599865
16183169 16250964
16324936 16092698
16041697 16782452
16241604 15702551
16736580 16724807
16209566 16644660
16212303 16650095
16413842 16652601
15911391 16827328
15982700 16040343
16154007 16272108
16428236 16424529
16236391 15990742
16272536 16431637
16200134 16194887
16487012 16580521
16406463 16232741
16628145 16978924
15850531 16356133
16427266 15815464
15737882 16193177
16366053 16145843
16104928 16821956
16337207 16094797
16431983 16393849
16660940 16447449
16527270 16459924
16797278 16538889
16911669 16695201
16132509 16351402
16557774 16176791
16928347 16252273
16756570 15906792
16293735 16731705
16398716 16223884
16539458 16567688
17020930 16442708
16494820 16102990
16481662 16131794
16520995 16294728
16170216 16588257
16839795 16289548
16451806 16708908
17238976 16503949
16307269 16365455
16383942 16428671
16806324 16273340
16929615 16725922
16552959 15992951
16148747 15919757
16567789 16452721
16843718 16163393
15897110 16442985
16238151 16685395
16495491 16646469
15905593 16083578
16671918 16557979
16461134 16257187
16889967 16155710
16578433 16180856
16425395 16556501
16594011 16656046
16904928 16116556
16115372 16116763
16572169 16427851
16314674 16068966
16087250 16256153
15898305 15880532
16528060 16554486
16513552 16189110
16277468 16170507
15736262 16608302
16691969 16434095
16770228 16252083
16268925 16143765
17043857 16192192
16252568 16533301
16574797 16427639
16460102 15927407
16325357 16617569
16457882 16136137
16097933 16300496
16224046 16357395
16702157 16521658
16646072 16862235
16121460 16581302
16276772 16438958
16132178 16394092
16151059 16128616
15880960 16292552
15690065 16276000
16275818 16568221
16862614 16005264
16610874 16619626
16550305 16234623
16663586 16394292
15755326 16858274
16596489 16290159
16421939 16713683
16465570 16369415
16062465 16235685
15925415 16751569
16015025 15949302
15703736 16433763
16265987 16469649
16225216 16010656
16203644 16568577
16333411 16199711
16715518 16189507
16403854 16760001
16354393 16742140
16574412 16098886
16319031 16809980
16352248 15990628
16522084 16180692
16514263 15874771
16671380 16567173
16387335 15772495
16106141 16364452
16600961 16057284
16483878 16089322
16301773 16570041
16340965 16119355
16266694 16160539
16040649 17151573
16576327 16848752
16101743 16630742
16221639 16550590
16379547 16449952
16512077 16909216
16852240 16364115
16413925 16113562
17135803 16720884
16265545 16484595
16504747 16693928
16051058 16542648
16429510 16307308
16201278 16593615
16435703 15944604
16581719 15886567
16532161 16309069
15968412 16546011
16097046 16686633
16962978 16625002
16269718 16092913
16326232 16494893
16182565 16189520
16676197 15896303
16761959 15713591
16297327 16068997
16173590 16113739
16251249 15852460
16179471 16733217
16542725 16404501
16665583 16251818
16447483 16351613
16395674 16355778
16478214 16343743
15829164 16429280
16582373 16006788
16957432 15750148
16338792 16564119
16422473 15553970
16759891 16609467
15937117 16347347
16621606 16596118
16616178 16334889
16428521 16543233
15961764 16137819
15857760 16494528
16481364 16303697
16609806 16354413
16479931 16028292
16149977 16576248
15925427 16694778
16391817 16654854
16186569 16368491
15734471 17027183
16592359 16579958
15714664 16811204
16627392 16295641
16877867 16427517
16390653 16210549
16124094 16419508
16661139 16388875
16210668 16339363
16931599 16362284
16544356 16255404
16850500 15982034
16163335 16293270
16647945 16860537
16456842 16996329
16513008 16080167
16381079 16016284
16430051 16383864
16030977 16010062
16375191 16410435
16279692 16251330
16611215 16396084
16222714 15841737
16966882 16503295
16356329 16528904
16312405 16820856
16382265 15956336
16753733 16020313
16485519 16576138
16686014 16631659
16548060 16244788
16462199 16097621
16476367 16611618
16197675 15981561
16529160 16335907
15835789 15872517
16399957 16460784
16262012 16170535
16593271 16677689
16354732 15956810
15934278 16309467
16753591 16139270
16942692 16505718
16353401 16372543
16035218 16507369
16137954 16237465
16108457 16530135
16165206 16846815
16380757 16421125
15764204 15930068
16553812 16019294
16614929 16582460
16779912 17154157
15801797 16418724
16285554 16633629
17249466 16486155
16550142 16434679
16485785 16283693
16456185 16429028
16567107 16547237
16450791 16643992
16511042 16136769
16055494 16639978
16474006 16558287
16946235 16657252
15752184 16589819
16236060 16502008
16549892 16443040
16927986 16103260
16246388 16354165
15954880 16561461
16570919 16321835
16860439 16347508
16524782 15779464
16200638 16185001
16247883 16937545
16028299 16297900
16494651 15969070
16716880 15853387
16438335 16411673
15879045 16369685
16587616 15863697
16067380 16047354
16328752 15880320
16287208 16748731
15990153 16697757
16485995 16428492
16645653 16053675
16504737 15982410
15953034 16101194
16045073 16592886
15821769 16298325
16864957 16615984
16514671 16455303
16126512 16529664
16418646 16341430
16423231 16181023
16664889 16110993
16735908 16752461
16246490 16565454
16102696 16141374
16081646 16663082
16830347 16169152
16031799 16566379
16236664 16584598
16441736 16364144
16087754 16636774
16337273 16333518
15749419 16287475
15850233 16055376
16250484 15949103
16677044 16675272
16055625 16058511
16442730 16414179
16242795 16356373
16597980 16368488
15751882 16050759
15931087 17200426
16398065 16373272
16793809 16549299
15826880 16777784
16352489 16797682
16492499 16546126
16254405 16223918
15893002 16459324
