10276 18469
24903 8989
3030 1327
1035 30318
846 24004
919 2347
3894 1269
26502 8724
665 19377
7902 3753
25928 2455
5522 29340
21885 2057
17227 11143
11455 9090
5991 7387
27653 5929
26178 30744
13086 9894
15285 21828
18256 6708
14045 12182
27968 16631
21278 6770
6673 28049
16999 17050
16336 8432
15543 4002
14608 22377
26848 31140
6097 11275
17035 26422
23463 17965
8572 10137
21272 17738
17943 23859
11333 7951
3875 27711
30925 9137
15567 16836
10478 7300
25842 1731
16877 14538
31895 5045
21432 15560
6841 14389
29131 10016
22603 11001
13136 16474
29052 13830
32394 18628
3128 29476
9075 14460
18418 11408
2468 17867
31393 13810
30070 9652
16136 20878
10343 15053
14395 30142
24767 9806
11871 1696
31859 28520
26801 22540
17225 13528
26826 3017
7229 7355
27425 8192
12835 30372
20689 16880
19343 17388
22172 14564
23026 6729
15664 32098
1029 5282
18090 20646
12139 17954
11609 26703
19858 25484
30660 599
28634 5838
19950 30024
26361 12504
13272 4269
29086 11694
19784 25031
15956 16060
3785 12418
17577 20331
32755 18599
14736 14321
29420 25427
8965 4717
21807 17576
20207 26163
32140 25026
12618 7524
7024 8941
28037 30915
11111 5653
