300 
99 59 103 126 126 157 110 99 99 141 189 189 189 107 79 94
(16 items)

breakpoint 8
hit 1084

breakpoint 36
hit 4515

300 
99 59 103 126 126 157 110 99 99 141 189 189 189 107 79 94 79 79 94 94 79 79 79 49 123 179 112
(27 items)

breakpoint 8
hit 10317

breakpoint 8
hit 7826


300 
99 59 103 126 126 157 110 99 99 141 189 189 189 107 79 94 79 79 94 94 79 79 79 49 123 179 112 141 151 105 122 113 189 170 283
(35 items)

breakpoint 8
hit 25199

breakpoint 36
hit 10234


300 
99 59 103 126 126 157 110 99 99 141 189 189 189 107 79 94 79 79 94 94 79 79 79 49 123 179 112 141 151 105 122 113 189 170 283 189 105 113 160 103 103 141 168
(43 items)

bp 8
hit 46025

bp 36
hit 12642


300 
99 59 103 126 126 157 110 99 99 141 189 189 189 107 79 94 79 79 94 94 79 79 79 49 123 179 112 141 151 105 122 113 189 170 283 189 105 113 160 103 103 141 168 141 170 183 59 59 189 661 756
(51 items)

bp 8
hit

bp 36
hit

----

500 
99 59 103 126 126 157 110 99 99 141 189 189 189 107 79 94
(16 items)

bp 8 hit 7114
bp 36 hit 7515


500 
99 59 103 126 126 157 110 99 99 141 189 189 189 107 79 94 79 79 94 94 79 79 79 49 123 179 112
(27 items)
bp 8 hit 206313
bp 36 hit 13026


500 
99 59 103 126 126 157 110 99 99 141 189 189 189 107 79 94 79 79 94 94 79 79 79 49 123 179 112 141 151 105 122 113 189 170 283
(35 items)
bp 8  hit 748364
bp 36 hit 17034


500 
99 59 103 126 126 157 110 99 99 141 189 189 189 107 79 94 79 79 94 94 79 79 79 49 123 179 112 141 151 105 122 113 189 170 283 189 105 113 160 103 103 141 168
(43 items)
bp  8 hit 1795536
bp 36 hit 21042


500 
99 59 103 126 126 157 110 99 99 141 189 189 189 107 79 94 79 79 94 94 79 79 79 49 123 179 112 141 151 105 122 113 189 170 283 189 105 113 160 103 103 141 168 141 170 183 59 59 189 661 756
(51 items)
bp  8 hit 3987601
bp 36 hit   25050

21
36968 10020

10
1050 4509
