Hello, World!
[:]
10 : 0 ;(i,j) = (2,0)
[0, 0, -1, -1, -1, -1, -1, -1, -1, -1, -1, -1, -1, -1, -1, -1, -1]

[:]
100 : 0 ;(i,j) = (3,0)
[0, 0, 0, -1, -1, -1, -1, -1, -1, -1, -1, -1, -1, -1, -1, -1, -1]

[:]
1001 : 1 ;(i,j) = (4,1)
[0, 0, 0, 1, -1, -1, -1, -1, -1, -1, -1, -1, -1, -1, -1, -1, -1]

[:]
10010 : 10 ;(i,j) = (5,2)
[0, 0, 0, 1, 2, -1, -1, -1, -1, -1, -1, -1, -1, -1, -1, -1, -1]

[:]
10010* : 10* ;(i,j) = (6,3)
[0, 0, 0, 1, 2, 3, -1, -1, -1, -1, -1, -1, -1, -1, -1, -1, -1]

[5: 0]
10010*1 : 10*1 ;(i,j) = (7,4)
[0, 0, 0, 1, 2, 3, 4, -1, -1, -1, -1, -1, -1, -1, -1, -1, -1]

[5: 0]
10010*10 : 10*10 ;(i,j) = (8,5)
[0, 0, 0, 1, 2, 3, 4, 5, -1, -1, -1, -1, -1, -1, -1, -1, -1]

[5: 0]
10010*101 : 10*101 ;(i,j) = (8,2)
[0, 0, 0, 1, 2, 3, 4, 5, -1, -1, -1, -1, -1, -1, -1, -1, -1]

[5: 0]
10010*101 : 101 ;(i,j) = (8,0)
[0, 0, 0, 1, 2, 3, 4, 5, -1, -1, -1, -1, -1, -1, -1, -1, -1]

[5: 0]
10010*101 : 1 ;(i,j) = (9,1)
[0, 0, 0, 1, 2, 3, 4, 5, 1, -1, -1, -1, -1, -1, -1, -1, -1]

[5: 0]
10010*1011 : 11 ;(i,j) = (9,0)
[0, 0, 0, 1, 2, 3, 4, 5, 1, -1, -1, -1, -1, -1, -1, -1, -1]

[5: 0]
10010*1011 : 1 ;(i,j) = (10,1)
[0, 0, 0, 1, 2, 3, 4, 5, 1, 1, -1, -1, -1, -1, -1, -1, -1]

[5: 0]
10010*1011* : 1* ;(i,j) = (11,2)
[0, 0, 0, 1, 2, 3, 4, 5, 1, 1, 2, -1, -1, -1, -1, -1, -1]

[5: 0, 10: 0]
10010*1011*1 : 1*1 ;(i,j) = (11,0)
[0, 0, 0, 1, 2, 3, 4, 5, 1, 1, 2, -1, -1, -1, -1, -1, -1]

[5: 0, 10: 0]
10010*1011*1 : 1 ;(i,j) = (12,1)
[0, 0, 0, 1, 2, 3, 4, 5, 1, 1, 2, 1, -1, -1, -1, -1, -1]

[5: 0, 10: 0]
10010*1011*11 : 11 ;(i,j) = (12,0)
[0, 0, 0, 1, 2, 3, 4, 5, 1, 1, 2, 1, -1, -1, -1, -1, -1]

[5: 0, 10: 0]
10010*1011*11 : 1 ;(i,j) = (13,1)
[0, 0, 0, 1, 2, 3, 4, 5, 1, 1, 2, 1, 1, -1, -1, -1, -1]

[5: 0, 10: 0]
10010*1011*110 : 10 ;(i,j) = (14,2)
[0, 0, 0, 1, 2, 3, 4, 5, 1, 1, 2, 1, 1, 2, -1, -1, -1]

[5: 0, 10: 0]
10010*1011*110* : 10* ;(i,j) = (15,3)
[0, 0, 0, 1, 2, 3, 4, 5, 1, 1, 2, 1, 1, 2, 3, -1, -1]

[5: 0, 10: 0, 14: 0]
10010*1011*110*1 : 10*1 ;(i,j) = (16,4)
[0, 0, 0, 1, 2, 3, 4, 5, 1, 1, 2, 1, 1, 2, 3, 4, -1]

[5: 0, 10: 0, 14: 0]
10010*1011*110*10 : 10*10 ;(i,j) = (17,5)
[0, 0, 0, 1, 2, 3, 4, 5, 1, 1, 2, 1, 1, 2, 3, 4, 5]

1 0 0 1 0 * 1 0 1 1 * 1 1 0 * 1 0
0 0 0 1 2 3 4 5 1 1 2 1 1 2 3 4 5
