task_id,period_id,processor_id,qualification_id,required_processors_lb,required_processors_ub,employment,total_periods_lb,total_periods_ub,total_days_lb,total_days_ub,wage_level,day_id,preferred_level_task,preferred_level_proc
1,6,3,1,3,3,0,4,4,1,4,5,2,2,2
1,6,8,1,3,3,1,3,5,1,3,1,2,2,2
1,6,7,1,3,3,1,3,5,1,3,1,2,2,2
3,6,6,2,1,1,1,2,4,1,2,1,2,2,2
4,10,10,1,1,1,1,3,5,1,2,1,2,2,2
5,10,12,2,1,1,0,4,4,1,4,5,2,2,2
6,11,3,1,1,1,0,4,4,1,4,5,3,2,2
7,11,13,2,1,1,1,3,5,1,3,1,3,2,2
8,15,8,1,1,1,1,3,5,1,3,1,3,2,2
9,15,14,2,1,1,1,3,5,1,3,1,3,2,2
10,16,7,1,1,1,1,3,5,1,3,1,4,2,2
11,16,13,2,1,1,1,3,5,1,3,1,4,2,2
12,20,3,1,1,1,0,4,4,1,4,5,4,2,2
13,20,14,2,1,1,1,3,5,1,3,1,4,2,2
14,23,9,1,3,3,1,3,5,1,1,1,5,2,2
14,23,10,1,3,3,1,3,5,1,2,1,5,2,2
14,23,11,1,3,3,1,3,3,1,1,1,5,2,2
15,21,11,1,3,3,1,3,3,1,1,1,5,2,2
15,21,8,1,3,3,1,3,5,1,3,1,5,2,2
15,21,9,1,3,3,1,3,5,1,1,1,5,2,2
16,7,8,1,3,3,1,3,5,1,3,1,2,2,2
16,7,7,1,3,3,1,3,5,1,3,1,2,2,2
16,7,10,1,3,3,1,3,5,1,2,1,2,2,2
17,8,10,1,3,3,1,3,5,1,2,1,2,2,2
17,8,3,1,3,3,0,4,4,1,4,5,2,2,2
17,8,7,1,3,3,1,3,5,1,3,1,2,2,2
18,22,11,1,3,3,1,3,3,1,1,1,5,2,2
18,22,9,1,3,3,1,3,5,1,1,1,5,2,2
18,22,10,1,3,3,1,3,5,1,2,1,5,2,2
19,13,1,2,3,3,0,4,4,1,4,5,3,2,2
19,13,13,2,3,3,1,3,5,1,3,1,3,2,2
19,13,2,2,3,3,0,3,3,2,3,5,3,2,2
20,12,1,2,3,3,0,4,4,1,4,5,3,2,2
20,12,2,2,3,3,0,3,3,2,3,5,3,2,2
20,12,13,2,3,3,1,3,5,1,3,1,3,2,2
21,16,12,2,3,3,0,4,4,1,4,5,4,2,2
21,16,2,2,3,3,0,3,3,2,3,5,4,2,1
21,16,5,2,3,3,1,3,5,1,3,1,4,2,2
22,17,4,2,3,3,1,3,3,1,1,1,4,2,2
22,17,5,2,3,3,1,3,5,1,3,1,4,2,2
22,17,12,2,3,3,0,4,4,1,4,5,4,2,2
23,11,5,2,3,3,1,3,5,1,3,1,3,2,2
23,11,1,2,3,3,0,4,4,1,4,5,3,2,2
23,11,12,2,3,3,0,4,4,1,4,5,3,2,2
24,11,8,1,1,1,1,3,5,1,3,1,3,2,2
25,15,7,1,1,1,1,3,5,1,3,1,3,2,2
26,16,4,2,1,1,1,3,3,1,1,1,4,2,2
27,20,1,2,1,1,0,4,4,1,4,5,4,2,2
29,10,14,2,1,1,1,3,5,1,3,1,2,2,2
