run 350 108 57 58 98 118 225 248 128 68 45 298 320 260 260 158 78
list
list 1
break 8
commands
silent
continue
end
list
break 28
commands
silent
continue
end
stat
breaks
help
status
breakpoints
help status
info break
run 350 108 57 58 98 118 225 248 128 68 45 298 320 260 260 158 78
info break
run 350 108 55 58 98 118 225 248 128 68  298 320 260 260 158 78 348 
info break
run 10 2 1 2 3 2 1 2 3 4 2 1 2 3 2  2 1 4
info break
run 500 98 108 95 118 128 88 105 100 108 98
info break
run 500 98 108 95 118 128 88 105 100 108 98 118 128 88 85 78 98
info break
run 500 98 108 95 118 128 88 105 100 108 98 118 128 88 85 78 98 125 115 90
info break
run 500 98 108 95 118 128 88 105 100 108 98 118 128 88 78 98 125 115 90 105 112 108 95
info break
run 500 98 108 95 118 128 88 105 100 108 98 118 128 88 78 98 125 115 90 105 112 108 95 115 118 
info break
run 300 98 108 95 118 128 88 105 100 108 98 118 128 88 78 98 125 115 90 105 112 108 95 115 118 
info break
run 400 98 108 95 118 128 88 105 100 108 98 118 128 88 78 98 125 115 90 105 112 108 95 115 118 
info break
run 400 98 108 95 118 128 88 105 100 108 98 118 128 88 78 98 125 115 90 105 112 108 95 115 118 103
info break
quit
