task_id,period_id,qualification_id,required_processors_lb,required_processors_ub,day_id,preferred_level_task
1,6,1,1,1,2,2
2,14,1,1,1,3,2
3,14,2,1,1,3,2
4,6,2,1,1,2,2
5,21,1,3,3,5,2
6,22,1,3,3,5,2
7,23,1,3,3,5,2
8,8,1,3,3,2,2
9,7,1,3,3,2,2
10,12,2,3,3,3,2
11,13,2,3,3,3,2
12,11,2,3,3,3,2
13,18,2,3,3,4,2
14,16,2,3,3,4,2
15,6,3,1,1,2,2
16,10,3,1,1,2,2
17,10,3,1,1,2,2
18,11,3,1,1,3,2
19,11,3,1,1,3,2
20,16,3,1,1,4,2
21,16,3,1,1,4,2
22,17,3,1,1,4,2
23,17,3,1,1,4,2
24,20,3,1,1,4,2
25,21,3,1,1,5,2
26,21,3,1,1,5,2
27,10,3,1,1,2,2
28,11,3,1,1,3,2
29,16,3,1,1,4,2
30,17,3,1,1,4,2
31,20,3,1,1,4,2
32,21,3,1,1,5,2
