0.422447 0.428506
0.854438 0.932424
0.163730 0.516946
0.198420 0.665433
0.150481 0.623283
0.651662 0.761660
0.644138 0.812377
0.663477 0.908495
0.617338 0.911006
0.438393 0.583756
0.376214 0.516928
0.360065 0.911486
0.759501 0.958634
0.399841 0.867700
0.431867 0.953905
0.497015 0.967312
0.557133 0.973199
0.361889 0.518754
0.362246 0.613129
0.405711 0.802402
0.349577 0.859522
0.453483 0.829597
0.131796 0.554179
0.798820 0.704252
0.231154 0.644362
0.100297 0.551391
0.056893 0.464037
0.193023 0.693033
0.265561 0.785192
0.217160 0.490908
0.194906 0.543013
0.103889 0.694832
0.080053 0.768031
0.041124 0.634706
0.902812 0.814668
0.052115 0.767910
0.126555 0.790238
0.052873 0.846444
0.173844 0.809943
0.078540 0.909072
0.095285 0.929411
0.284749 0.942582
0.243936 0.950769
0.514301 0.836231
0.395955 0.795429
0.925917 0.710348
0.371633 0.751568
0.460651 0.713444
0.473108 0.688753
0.468628 0.572443
0.058734 0.346358
0.061036 0.291760
0.927050 0.659063
0.921215 0.593669
0.921203 0.504085
0.888618 0.267339
0.815003 0.262221
0.381916 0.415625
0.927072 0.297309
0.937292 0.419442
0.543202 0.247233
0.341136 0.424084
0.237360 0.233140
0.322262 0.283368
0.401779 0.275709
0.216845 0.259085
0.174894 0.345039
0.212979 0.430404
0.644735 0.145952
0.186793 0.309459
0.487555 0.253360
0.566628 0.426993
0.413721 0.142605
0.408750 0.184748
0.281472 0.251811
0.331150 0.203258
0.407310 0.184457
0.528083 0.155787
0.607615 0.132227
0.715976 0.193379
0.478281 0.150100
0.585432 0.291512
0.623033 0.335917
0.475038 0.275996
0.602654 0.148474
0.472492 0.070880
0.540836 0.164628
0.382595 0.364918
0.590017 0.580332
0.649234 0.615458
0.786375 0.568582
0.797715 0.432976
0.745573 0.289300
0.739112 0.194928
0.615552 0.501571
0.805524 0.410974
0.191325 0.106591
0.213101 0.175164
0.797093 0.398825
0.454902 0.453945
0.469416 0.442446
0.716244 0.560483
0.417101 0.401577
0.374631 0.386616
0.313515 0.402907
0.452645 0.345301
0.835052 0.069178
0.888766 0.073760
0.937783 0.105903
0.935273 0.130246
0.161615 0.063384
0.138342 0.055546
0.764017 0.525628
0.055253 0.110559
0.650387 0.359664
0.625512 0.204774
0.329250 0.051597
0.508397 0.035794
0.540674 0.031632
0.463037 0.401715
0.652798 0.220342
0.317211 0.041073
0.899085 0.931855
0.698722 0.627545
0.904873 0.942995
0.250614 0.331268
0.710052 0.112626
0.782751 0.077289
0.274031 0.279354
0.860905 0.239032
0.554257 0.215278
0.729824 0.698762
0.396480 0.272269
0.400971 0.257649
0.927555 0.459524
0.322882 0.661302
0.384237 0.705101
0.322823 0.656019
0.266087 0.681928
0.556945 0.746811
0.558255 0.661177
0.488170 0.844388
0.101712 0.073653
0.645437 0.558942
0.304288 0.682804
0.572259 0.659847
0.687223 0.951148
0.703600 0.930826
0.330036 0.567503
0.292960 0.585211
0.064204 0.693395
0.518041 0.334907
0.819162 0.832006
0.617366 0.578690
0.617503 0.578198
0.652031 0.552560
0.651267 0.541640
0.565687 0.519895
0.643996 0.488019
0.653308 0.475401
